#
# INPUTFILE C:\Users\mario\Documents\Code\Python\main_env\Dalton\input\md\ch2o.md
#
# -- INPUT DATA --
#
# MOLFILE C:\Users\mario\Documents\Code\Python\main_env\Dalton\geom\prm\ch2o.prm
# ENERGYOUT C:\Users\mario\Documents\Code\Python\main_env\Dalton\output\md\ch2o.dat
# GEOMOUT C:\Users\mario\Documents\Code\Python\main_env\Dalton\output\md\ch2o.xyz
# RANDOMSEED 4004010292
# TEMPERATURE 298.150000 K
# BOUNDARY 10.000000 A
# BOUNDARYSPRING 250.000000 kcal/(mol*A^2)
# BOUNDARYTYPE sphere
# STATUSTIME 2.000000 s
# ENERGYTIME 0.020000 ps
# GEOMTIME 0.020000 ps
# TOTALTIME 10.000000 ps
# TIMESTEP 0.000100 ps
# EQTIME 3.000000 ps
# EQRATE 0.600000 ps
# VANDERWAALSCUTOFF 2.500000
# ELECTROSTATICCUTOFF 10.000000 A
# KINETIC_CALC_METHOD leapfrog
# GRADIENT_CALC_METHOD analytic
#
# -- ENERGY DATA --
#
# energy terms [kcal/mol]
#  time      e_total      e_kin      e_pot  e_nonbond   e_bonded e_boundary      e_vdw     e_elst     e_bond    e_angle     e_tors      e_oop       temp      press
 0.0000  3.91183e+00  3.555e+00  3.569e-01  0.000e+00  3.569e-01  0.000e+00  0.000e+00  0.000e+00  3.503e-01  6.631e-03  0.000e+00  2.835e-06  3.681e+01  0.000e+00
 0.0200  1.45796e+01  1.272e+01  1.856e+00  0.000e+00  1.856e+00  0.000e+00  0.000e+00  0.000e+00  1.274e+00  9.215e-02  0.000e+00  4.900e-01  1.067e+03  6.380e+02
 0.0400  1.43365e+01  1.293e+01  1.410e+00  0.000e+00  1.410e+00  0.000e+00  0.000e+00  0.000e+00  7.573e-01  2.939e-01  0.000e+00  3.593e-01  1.084e+03  4.973e+02
 0.0600  1.40089e+01  1.319e+01  8.237e-01  0.000e+00  8.237e-01  0.000e+00  0.000e+00  0.000e+00  3.778e-01  4.206e-01  0.000e+00  2.531e-02  1.106e+03  7.659e-01
 0.0800  1.37311e+01  1.289e+01  8.378e-01  0.000e+00  8.378e-01  0.000e+00  0.000e+00  0.000e+00  5.173e-01  1.963e-01  0.000e+00  1.242e-01  1.081e+03 -1.568e+02
 0.1000  1.34843e+01  1.283e+01  6.502e-01  0.000e+00  6.502e-01  0.000e+00  0.000e+00  0.000e+00  1.488e-01  3.997e-02  0.000e+00  4.614e-01  1.076e+03  2.373e+02
 0.1200  1.31174e+01  1.148e+01  1.634e+00  0.000e+00  1.634e+00  0.000e+00  0.000e+00  0.000e+00  1.337e+00  1.111e-01  0.000e+00  1.855e-01  9.631e+02  6.402e+02
 0.1400  1.27617e+01  1.157e+01  1.193e+00  0.000e+00  1.193e+00  0.000e+00  0.000e+00  0.000e+00  7.027e-01  4.904e-01  0.000e+00  1.034e-04  9.703e+02  4.955e+02
 0.1600  1.25006e+01  1.157e+01  9.353e-01  0.000e+00  9.353e-01  0.000e+00  0.000e+00  0.000e+00  1.367e-01  4.518e-01  0.000e+00  3.468e-01  9.700e+02  2.038e+01
 0.1800  1.22165e+01  1.070e+01  1.519e+00  0.000e+00  1.519e+00  0.000e+00  0.000e+00  0.000e+00  6.373e-01  3.848e-01  0.000e+00  4.967e-01  8.972e+02 -1.516e+02
 0.2000  1.18314e+01  1.136e+01  4.700e-01  0.000e+00  4.700e-01  0.000e+00  0.000e+00  0.000e+00  2.489e-01  1.780e-01  0.000e+00  4.312e-02  9.529e+02  1.615e+02
 0.2200  1.15135e+01  1.075e+01  7.647e-01  0.000e+00  7.647e-01  0.000e+00  0.000e+00  0.000e+00  4.545e-01  2.764e-01  0.000e+00  3.374e-02  9.015e+02  4.174e+02
 0.2400  1.12722e+01  1.001e+01  1.265e+00  0.000e+00  1.265e+00  0.000e+00  0.000e+00  0.000e+00  1.688e-01  7.209e-01  0.000e+00  3.756e-01  8.393e+02  2.488e+02
 0.2600  1.09490e+01  9.393e+00  1.556e+00  0.000e+00  1.556e+00  0.000e+00  0.000e+00  0.000e+00  3.650e-01  9.312e-01  0.000e+00  2.598e-01  7.878e+02  1.472e+01
 0.2800  1.06348e+01  9.783e+00  8.514e-01  0.000e+00  8.514e-01  0.000e+00  0.000e+00  0.000e+00  2.589e-01  5.924e-01  0.000e+00  1.375e-06  8.205e+02  1.062e+02
 0.3000  1.04249e+01  9.859e+00  5.663e-01  0.000e+00  5.663e-01  0.000e+00  0.000e+00  0.000e+00  3.548e-01  3.448e-02  0.000e+00  1.771e-01  8.268e+02  3.621e+02
 0.3200  1.02200e+01  9.250e+00  9.704e-01  0.000e+00  9.704e-01  0.000e+00  0.000e+00  0.000e+00  3.833e-01  1.616e-01  0.000e+00  4.255e-01  7.758e+02  3.295e+02
 0.3400  9.92104e+00  8.944e+00  9.770e-01  0.000e+00  9.770e-01  0.000e+00  0.000e+00  0.000e+00  3.957e-01  4.732e-01  0.000e+00  1.081e-01  7.501e+02  3.572e+01
 0.3600  9.66776e+00  8.679e+00  9.891e-01  0.000e+00  9.891e-01  0.000e+00  0.000e+00  0.000e+00  3.258e-01  6.450e-01  0.000e+00  1.836e-02  7.279e+02 -6.320e+01
 0.3800  9.47280e+00  8.978e+00  4.953e-01  0.000e+00  4.953e-01  0.000e+00  0.000e+00  0.000e+00  7.649e-02  1.757e-01  0.000e+00  2.430e-01  7.529e+02  2.233e+02
 0.4000  9.28220e+00  8.115e+00  1.168e+00  0.000e+00  1.168e+00  0.000e+00  0.000e+00  0.000e+00  7.816e-01  5.453e-03  0.000e+00  3.805e-01  6.806e+02  4.626e+02
 0.4200  8.98486e+00  8.438e+00  5.465e-01  0.000e+00  5.465e-01  0.000e+00  0.000e+00  0.000e+00  4.826e-01  6.018e-02  0.000e+00  3.748e-03  7.077e+02  3.173e+02
 0.4400  8.79113e+00  7.905e+00  8.859e-01  0.000e+00  8.859e-01  0.000e+00  0.000e+00  0.000e+00  1.595e-01  6.180e-01  0.000e+00  1.084e-01  6.630e+02 -4.255e+00
 0.4600  8.63736e+00  7.576e+00  1.061e+00  0.000e+00  1.061e+00  0.000e+00  0.000e+00  0.000e+00  6.561e-02  6.895e-01  0.000e+00  3.064e-01  6.354e+02 -2.835e+01
 0.4800  8.43503e+00  7.843e+00  5.925e-01  0.000e+00  5.925e-01  0.000e+00  0.000e+00  0.000e+00  1.663e-01  2.640e-01  0.000e+00  1.622e-01  6.578e+02  2.266e+02
 0.5000  8.25578e+00  7.508e+00  7.480e-01  0.000e+00  7.480e-01  0.000e+00  0.000e+00  0.000e+00  4.875e-01  2.192e-01  0.000e+00  4.141e-02  6.297e+02  3.150e+02
 0.5200  8.13206e+00  7.406e+00  7.262e-01  0.000e+00  7.262e-01  0.000e+00  0.000e+00  0.000e+00  1.292e-01  3.221e-01  0.000e+00  2.749e-01  6.211e+02  9.193e+01
 0.5400  7.95966e+00  6.738e+00  1.222e+00  0.000e+00  1.222e+00  0.000e+00  0.000e+00  0.000e+00  1.387e-01  7.975e-01  0.000e+00  2.855e-01  5.651e+02 -9.000e+01
 0.5600  7.76655e+00  7.038e+00  7.284e-01  0.000e+00  7.284e-01  0.000e+00  0.000e+00  0.000e+00  9.897e-02  5.940e-01  0.000e+00  3.553e-02  5.903e+02  8.426e+01
 0.5800  7.62654e+00  6.723e+00  9.040e-01  0.000e+00  9.040e-01  0.000e+00  0.000e+00  0.000e+00  5.445e-01  2.030e-01  0.000e+00  1.565e-01  5.638e+02  3.492e+02
 0.6000  7.50700e+00  6.958e+00  5.493e-01  0.000e+00  5.493e-01  0.000e+00  0.000e+00  0.000e+00  2.552e-01  2.304e-02  0.000e+00  2.711e-01  5.835e+02  2.754e+02
 0.6200  7.34510e+00  6.719e+00  6.263e-01  0.000e+00  6.263e-01  0.000e+00  0.000e+00  0.000e+00  8.789e-02  4.034e-01  0.000e+00  1.351e-01  5.635e+02 -5.391e+01
 0.6400  7.18934e+00  6.421e+00  7.684e-01  0.000e+00  7.684e-01  0.000e+00  0.000e+00  0.000e+00  2.865e-01  4.595e-01  0.000e+00  2.237e-02  5.385e+02 -1.254e+02
 0.6600  7.11452e+00  6.181e+00  9.336e-01  0.000e+00  9.336e-01  0.000e+00  0.000e+00  0.000e+00  2.168e-01  4.114e-01  0.000e+00  3.055e-01  5.184e+02  1.581e+02
 0.6800  6.96902e+00  6.195e+00  7.738e-01  0.000e+00  7.738e-01  0.000e+00  0.000e+00  0.000e+00  4.914e-01  1.150e-01  0.000e+00  1.674e-01  5.196e+02  3.849e+02
 0.7000  6.83368e+00  6.559e+00  2.752e-01  0.000e+00  2.752e-01  0.000e+00  0.000e+00  0.000e+00  1.837e-01  6.952e-02  0.000e+00  2.199e-02  5.501e+02  2.289e+02
 0.7200  6.76208e+00  5.916e+00  8.462e-01  0.000e+00  8.462e-01  0.000e+00  0.000e+00  0.000e+00  2.438e-01  4.267e-01  0.000e+00  1.756e-01  4.962e+02 -5.133e+01
 0.7400  6.68248e+00  5.549e+00  1.133e+00  0.000e+00  1.133e+00  0.000e+00  0.000e+00  0.000e+00  2.031e-01  6.033e-01  0.000e+00  3.269e-01  4.654e+02 -3.378e+01
 0.7600  6.54130e+00  6.011e+00  5.304e-01  0.000e+00  5.304e-01  0.000e+00  0.000e+00  0.000e+00  1.433e-01  3.174e-01  0.000e+00  6.981e-02  5.041e+02  2.318e+02
 0.7800  6.41762e+00  5.967e+00  4.504e-01  0.000e+00  4.504e-01  0.000e+00  0.000e+00  0.000e+00  3.560e-01  8.168e-02  0.000e+00  1.265e-02  5.005e+02  3.069e+02
 0.8000  6.36810e+00  5.642e+00  7.259e-01  0.000e+00  7.259e-01  0.000e+00  0.000e+00  0.000e+00  1.576e-01  2.616e-01  0.000e+00  3.067e-01  4.732e+02  4.548e+01
 0.8200  6.26048e+00  5.256e+00  1.005e+00  0.000e+00  1.005e+00  0.000e+00  0.000e+00  0.000e+00  2.584e-01  5.220e-01  0.000e+00  2.243e-01  4.408e+02 -1.496e+02
 0.8400  6.14506e+00  5.509e+00  6.360e-01  0.000e+00  6.360e-01  0.000e+00  0.000e+00  0.000e+00  1.523e-01  4.777e-01  0.000e+00  5.974e-03  4.620e+02  1.785e+01
 0.8600  6.08963e+00  5.488e+00  6.018e-01  0.000e+00  6.018e-01  0.000e+00  0.000e+00  0.000e+00  4.193e-01  8.761e-02  0.000e+00  9.491e-02  4.603e+02  2.974e+02
 0.8800  6.06153e+00  5.246e+00  8.159e-01  0.000e+00  8.159e-01  0.000e+00  0.000e+00  0.000e+00  4.329e-01  4.946e-02  0.000e+00  3.335e-01  4.399e+02  2.802e+02
 0.9000  5.93116e+00  5.449e+00  4.822e-01  0.000e+00  4.822e-01  0.000e+00  0.000e+00  0.000e+00  8.517e-02  3.246e-01  0.000e+00  7.242e-02  4.570e+02  1.692e+01
 0.9200  5.85834e+00  5.212e+00  6.464e-01  0.000e+00  6.464e-01  0.000e+00  0.000e+00  0.000e+00  1.377e-01  4.687e-01  0.000e+00  4.001e-02  4.371e+02 -9.105e+01
 0.9400  5.81419e+00  5.043e+00  7.714e-01  0.000e+00  7.714e-01  0.000e+00  0.000e+00  0.000e+00  2.952e-01  2.495e-01  0.000e+00  2.266e-01  4.229e+02  9.195e+01
 0.9600  5.77306e+00  4.993e+00  7.804e-01  0.000e+00  7.804e-01  0.000e+00  0.000e+00  0.000e+00  3.591e-01  1.322e-01  0.000e+00  2.892e-01  4.187e+02  2.501e+02
 0.9800  5.64248e+00  5.385e+00  2.578e-01  0.000e+00  2.578e-01  0.000e+00  0.000e+00  0.000e+00  1.983e-01  5.911e-02  0.000e+00  4.575e-04  4.516e+02  1.732e+02
 1.0000  5.59845e+00  4.972e+00  6.265e-01  0.000e+00  6.265e-01  0.000e+00  0.000e+00  0.000e+00  8.602e-02  4.265e-01  0.000e+00  1.141e-01  4.170e+02  2.518e+01
 1.0200  5.55859e+00  4.499e+00  1.059e+00  0.000e+00  1.059e+00  0.000e+00  0.000e+00  0.000e+00  1.846e-01  6.289e-01  0.000e+00  2.458e-01  3.774e+02  5.711e+01
 1.0400  5.47052e+00  4.777e+00  6.938e-01  0.000e+00  6.938e-01  0.000e+00  0.000e+00  0.000e+00  3.809e-01  2.274e-01  0.000e+00  8.545e-02  4.006e+02  1.872e+02
 1.0600  5.42572e+00  5.275e+00  1.506e-01  0.000e+00  1.506e-01  0.000e+00  0.000e+00  0.000e+00  6.397e-02  3.469e-03  0.000e+00  8.318e-02  4.424e+02  1.591e+02
 1.0800  5.40936e+00  4.847e+00  5.620e-01  0.000e+00  5.620e-01  0.000e+00  0.000e+00  0.000e+00  1.096e-01  2.020e-01  0.000e+00  2.504e-01  4.066e+02  1.286e+00
 1.1000  5.35399e+00  4.336e+00  1.018e+00  0.000e+00  1.018e+00  0.000e+00  0.000e+00  0.000e+00  2.684e-01  5.456e-01  0.000e+00  2.038e-01  3.637e+02 -4.011e+01
 1.1200  5.27818e+00  4.410e+00  8.684e-01  0.000e+00  8.684e-01  0.000e+00  0.000e+00  0.000e+00  2.531e-01  6.136e-01  0.000e+00  1.783e-03  3.698e+02  1.144e+02
 1.1400  5.25612e+00  4.614e+00  6.426e-01  0.000e+00  6.426e-01  0.000e+00  0.000e+00  0.000e+00  1.936e-01  2.577e-01  0.000e+00  1.913e-01  3.869e+02  2.224e+02
 1.1600  5.21445e+00  4.903e+00  3.110e-01  0.000e+00  3.110e-01  0.000e+00  0.000e+00  0.000e+00  5.995e-02  2.119e-02  0.000e+00  2.299e-01  4.112e+02  1.126e+02
 1.1800  5.13293e+00  4.581e+00  5.520e-01  0.000e+00  5.520e-01  0.000e+00  0.000e+00  0.000e+00  1.898e-01  2.955e-01  0.000e+00  6.668e-02  3.842e+02 -4.192e+01
 1.2000  5.08620e+00  4.418e+00  6.684e-01  0.000e+00  6.684e-01  0.000e+00  0.000e+00  0.000e+00  1.578e-01  4.522e-01  0.000e+00  5.837e-02  3.705e+02  2.713e+01
 1.2200  5.09182e+00  4.238e+00  8.543e-01  0.000e+00  8.543e-01  0.000e+00  0.000e+00  0.000e+00  2.004e-01  3.918e-01  0.000e+00  2.622e-01  3.554e+02  2.188e+02
 1.2400  5.03307e+00  4.499e+00  5.339e-01  0.000e+00  5.339e-01  0.000e+00  0.000e+00  0.000e+00  2.454e-01  1.767e-01  0.000e+00  1.118e-01  3.773e+02  2.419e+02
 1.2600  4.98201e+00  4.709e+00  2.732e-01  0.000e+00  2.732e-01  0.000e+00  0.000e+00  0.000e+00  2.187e-01  5.448e-02  0.000e+00  3.536e-05  3.949e+02  4.925e+01
 1.2800  4.99814e+00  4.289e+00  7.093e-01  0.000e+00  7.093e-01  0.000e+00  0.000e+00  0.000e+00  1.922e-01  2.805e-01  0.000e+00  2.366e-01  3.597e+02 -8.128e+01
 1.3000  4.95832e+00  4.025e+00  9.332e-01  0.000e+00  9.332e-01  0.000e+00  0.000e+00  0.000e+00  1.869e-01  4.966e-01  0.000e+00  2.497e-01  3.376e+02  2.674e+01
 1.3200  4.88559e+00  4.368e+00  5.174e-01  0.000e+00  5.174e-01  0.000e+00  0.000e+00  0.000e+00  1.802e-01  3.141e-01  0.000e+00  2.314e-02  3.664e+02  1.926e+02
 1.3400  4.84860e+00  4.465e+00  3.831e-01  0.000e+00  3.831e-01  0.000e+00  0.000e+00  0.000e+00  2.877e-01  4.625e-02  0.000e+00  4.916e-02  3.745e+02  1.714e+02
 1.3600  4.86877e+00  4.177e+00  6.917e-01  0.000e+00  6.917e-01  0.000e+00  0.000e+00  0.000e+00  2.055e-01  1.813e-01  0.000e+00  3.049e-01  3.503e+02  2.248e+01
 1.3800  4.80297e+00  4.333e+00  4.703e-01  0.000e+00  4.703e-01  0.000e+00  0.000e+00  0.000e+00  4.850e-02  3.390e-01  0.000e+00  8.284e-02  3.634e+02 -1.289e+01
 1.4000  4.76467e+00  3.859e+00  9.054e-01  0.000e+00  9.054e-01  0.000e+00  0.000e+00  0.000e+00  3.085e-01  5.842e-01  0.000e+00  1.273e-02  3.237e+02  8.049e+01
 1.4200  4.76657e+00  4.152e+00  6.147e-01  0.000e+00  6.147e-01  0.000e+00  0.000e+00  0.000e+00  1.351e-01  3.005e-01  0.000e+00  1.791e-01  3.482e+02  1.329e+02
 1.4400  4.75617e+00  4.281e+00  4.751e-01  0.000e+00  4.751e-01  0.000e+00  0.000e+00  0.000e+00  1.985e-01  1.260e-02  0.000e+00  2.640e-01  3.591e+02  7.388e+01
 1.4600  4.68850e+00  4.418e+00  2.706e-01  0.000e+00  2.706e-01  0.000e+00  0.000e+00  0.000e+00  7.128e-02  1.928e-01  0.000e+00  6.541e-03  3.705e+02  2.468e+01
 1.4800  4.69076e+00  3.852e+00  8.389e-01  0.000e+00  8.389e-01  0.000e+00  0.000e+00  0.000e+00  2.392e-01  5.062e-01  0.000e+00  9.351e-02  3.231e+02  7.462e+01
 1.5000  4.68893e+00  3.712e+00  9.770e-01  0.000e+00  9.770e-01  0.000e+00  0.000e+00  0.000e+00  3.684e-01  3.766e-01  0.000e+00  2.320e-01  3.113e+02  1.442e+02
 1.5200  4.65298e+00  4.457e+00  1.956e-01  0.000e+00  1.956e-01  0.000e+00  0.000e+00  0.000e+00  2.751e-02  5.314e-02  0.000e+00  1.150e-01  3.738e+02  1.144e+02
 1.5400  4.59883e+00  4.290e+00  3.088e-01  0.000e+00  3.088e-01  0.000e+00  0.000e+00  0.000e+00  2.123e-01  6.057e-02  0.000e+00  3.591e-02  3.598e+02  3.555e+01
 1.5600  4.60472e+00  3.726e+00  8.791e-01  0.000e+00  7.881e-01  9.095e-02  0.000e+00  0.000e+00  9.632e-02  5.037e-01  0.000e+00  1.881e-01  3.125e+02  5.583e+02
 1.5800  4.66511e+00  3.408e+00  1.257e+00  0.000e+00  1.255e+00  2.026e-03  0.000e+00  0.000e+00  8.157e-02  7.486e-01  0.000e+00  4.252e-01  2.858e+02  2.159e+02
 1.6000  4.81373e+00  1.319e+00  3.494e+00  0.000e+00  3.494e+00  0.000e+00  0.000e+00  0.000e+00  8.223e-01  4.878e-01  0.000e+00  2.184e+00  1.106e+02 -1.853e+02
 1.6200  4.60907e+00  3.554e+00  1.055e+00  0.000e+00  1.055e+00  0.000e+00  0.000e+00  0.000e+00  4.874e-01  1.727e-01  0.000e+00  3.949e-01  2.981e+02 -1.967e+02
 1.6400  4.88126e+00  1.973e+00  2.908e+00  0.000e+00  2.895e+00  1.269e-02  0.000e+00  0.000e+00  6.060e-01  4.432e-01  0.000e+00  1.846e+00  1.655e+02  2.422e+02
 1.6600  4.75667e+00  1.597e+00  3.160e+00  0.000e+00  3.160e+00  0.000e+00  0.000e+00  0.000e+00  8.074e-01  1.084e+00  0.000e+00  1.269e+00  1.339e+02  3.183e+02
 1.6800  4.58507e+00  2.888e+00  1.697e+00  0.000e+00  1.697e+00  0.000e+00  0.000e+00  0.000e+00  7.165e-01  9.583e-01  0.000e+00  2.222e-02  2.422e+02  2.674e+02
 1.7000  4.63125e+00  2.897e+00  1.735e+00  0.000e+00  1.735e+00  0.000e+00  0.000e+00  0.000e+00  2.835e-01  6.229e-01  0.000e+00  8.281e-01  2.429e+02 -4.558e+01
 1.7200  4.80178e+00  2.240e+00  2.562e+00  0.000e+00  2.562e+00  0.000e+00  0.000e+00  0.000e+00  2.726e-01  6.906e-01  0.000e+00  1.599e+00  1.878e+02 -1.968e+02
 1.7400  4.69319e+00  3.160e+00  1.533e+00  0.000e+00  1.533e+00  0.000e+00  0.000e+00  0.000e+00  3.743e-01  6.385e-01  0.000e+00  5.200e-01  2.651e+02  1.113e+01
 1.7600  4.53857e+00  2.217e+00  2.321e+00  0.000e+00  2.321e+00  0.000e+00  0.000e+00  0.000e+00  8.879e-01  1.273e+00  0.000e+00  1.606e-01  1.860e+02  3.223e+02
 1.7800  4.84662e+00  1.482e+00  3.364e+00  0.000e+00  3.364e+00  0.000e+00  0.000e+00  0.000e+00  5.607e-01  1.248e+00  0.000e+00  1.555e+00  1.243e+02  2.879e+02
 1.8000  4.78363e+00  2.648e+00  2.135e+00  0.000e+00  2.135e+00  0.000e+00  0.000e+00  0.000e+00  2.881e-01  3.534e-01  0.000e+00  1.494e+00  2.221e+02 -5.093e+01
 1.8200  4.63445e+00  3.665e+00  9.697e-01  0.000e+00  9.697e-01  0.000e+00  0.000e+00  0.000e+00  7.408e-01  6.573e-02  0.000e+00  1.632e-01  3.074e+02 -2.628e+02
 1.8400  4.88908e+00  2.966e+00  1.923e+00  0.000e+00  1.923e+00  0.000e+00  0.000e+00  0.000e+00  9.568e-01  4.888e-01  0.000e+00  4.776e-01  2.487e+02 -7.334e+01
 1.8600  5.07719e+00  1.791e+00  3.286e+00  0.000e+00  3.286e+00  0.000e+00  0.000e+00  0.000e+00  5.793e-01  1.021e+00  0.000e+00  1.685e+00  1.502e+02  2.695e+02
 1.8800  5.01214e+00  2.455e+00  2.557e+00  0.000e+00  2.557e+00  0.000e+00  0.000e+00  0.000e+00  1.077e+00  5.576e-01  0.000e+00  9.218e-01  2.059e+02  3.390e+02
 1.9000  4.72877e+00  3.122e+00  1.607e+00  0.000e+00  1.607e+00  0.000e+00  0.000e+00  0.000e+00  1.545e+00  2.844e-02  0.000e+00  3.334e-02  2.619e+02  1.033e+02
 1.9200  4.98669e+00  3.093e+00  1.894e+00  0.000e+00  1.894e+00  0.000e+00  0.000e+00  0.000e+00  3.876e-01  8.559e-02  0.000e+00  1.421e+00  2.594e+02 -1.126e+02
 1.9400  4.99291e+00  1.298e+00  3.695e+00  0.000e+00  3.695e+00  0.000e+00  0.000e+00  0.000e+00  1.521e+00  5.983e-01  0.000e+00  1.576e+00  1.088e+02 -1.412e+02
 1.9600  4.96959e+00  3.229e+00  1.740e+00  0.000e+00  1.740e+00  0.000e+00  0.000e+00  0.000e+00  3.418e-01  1.037e+00  0.000e+00  3.617e-01  2.708e+02 -3.422e+01
 1.9800  4.97622e+00  3.271e+00  1.705e+00  0.000e+00  1.705e+00  0.000e+00  0.000e+00  0.000e+00  1.271e+00  1.515e-01  0.000e+00  2.831e-01  2.743e+02  1.242e+02
 2.0000  5.34697e+00  1.923e+00  3.424e+00  0.000e+00  3.424e+00  0.000e+00  0.000e+00  0.000e+00  1.338e+00  1.704e-01  0.000e+00  1.916e+00  1.613e+02  2.322e+02
 2.0200  5.08635e+00  3.212e+00  1.874e+00  0.000e+00  1.874e+00  0.000e+00  0.000e+00  0.000e+00  2.147e-01  5.418e-01  0.000e+00  1.117e+00  2.694e+02  1.740e+02
 2.0400  5.00086e+00  2.757e+00  2.244e+00  0.000e+00  2.244e+00  0.000e+00  0.000e+00  0.000e+00  1.548e+00  6.909e-01  0.000e+00  5.245e-03  2.312e+02 -2.624e+01
 2.0600  5.00434e+00  3.306e+00  1.699e+00  0.000e+00  1.699e+00  0.000e+00  0.000e+00  0.000e+00  6.044e-01  2.163e-01  0.000e+00  8.779e-01  2.772e+02 -1.505e+02
 2.0800  5.37058e+00  2.673e+00  2.698e+00  0.000e+00  2.698e+00  0.000e+00  0.000e+00  0.000e+00  5.179e-01  1.230e-01  0.000e+00  2.057e+00  2.242e+02 -3.353e+01
 2.1000  5.16589e+00  2.753e+00  2.413e+00  0.000e+00  2.413e+00  0.000e+00  0.000e+00  0.000e+00  1.018e+00  8.360e-01  0.000e+00  5.589e-01  2.309e+02  2.190e+02
 2.1200  5.12418e+00  2.386e+00  2.738e+00  0.000e+00  2.738e+00  0.000e+00  0.000e+00  0.000e+00  3.607e-01  2.214e+00  0.000e+00  1.626e-01  2.002e+02  2.647e+02
 2.1400  5.34257e+00  2.395e+00  2.947e+00  0.000e+00  2.947e+00  0.000e+00  0.000e+00  0.000e+00  3.286e-01  1.177e+00  0.000e+00  1.442e+00  2.009e+02  9.114e+00
 2.1600  5.23339e+00  2.958e+00  2.275e+00  0.000e+00  2.275e+00  0.000e+00  0.000e+00  0.000e+00  4.253e-01  1.775e-01  0.000e+00  1.672e+00  2.481e+02 -2.434e+02
 2.1800  5.11804e+00  4.438e+00  6.805e-01  0.000e+00  6.805e-01  0.000e+00  0.000e+00  0.000e+00  2.944e-01  2.534e-01  0.000e+00  1.326e-01  3.722e+02 -1.247e+02
 2.2000  5.37741e+00  2.920e+00  2.458e+00  0.000e+00  2.458e+00  0.000e+00  0.000e+00  0.000e+00  5.147e-01  1.404e+00  0.000e+00  5.390e-01  2.449e+02  2.624e+02
 2.2200  5.65624e+00  1.005e+00  4.651e+00  0.000e+00  4.651e+00  0.000e+00  0.000e+00  0.000e+00  1.018e+00  1.768e+00  0.000e+00  1.865e+00  8.427e+01  4.451e+02
 2.2400  5.60555e+00  3.360e+00  2.246e+00  0.000e+00  2.246e+00  0.000e+00  0.000e+00  0.000e+00  2.679e-01  8.190e-01  0.000e+00  1.159e+00  2.818e+02  1.576e+02
 2.2600  5.31776e+00  4.336e+00  9.819e-01  0.000e+00  9.819e-01  0.000e+00  0.000e+00  0.000e+00  7.726e-01  1.964e-01  0.000e+00  1.289e-02  3.636e+02 -2.357e+02
 2.2800  5.35960e+00  2.919e+00  2.440e+00  0.000e+00  2.440e+00  0.000e+00  0.000e+00  0.000e+00  8.779e-01  4.434e-01  0.000e+00  1.119e+00  2.448e+02 -2.710e+02
 2.3000  5.48731e+00  1.738e+00  3.749e+00  0.000e+00  3.749e+00  0.000e+00  0.000e+00  0.000e+00  7.275e-01  1.160e+00  0.000e+00  1.862e+00  1.458e+02  2.359e+01
 2.3200  5.38515e+00  3.315e+00  2.070e+00  0.000e+00  2.070e+00  0.000e+00  0.000e+00  0.000e+00  4.393e-01  9.407e-01  0.000e+00  6.903e-01  2.780e+02  2.854e+02
 2.3400  5.28882e+00  2.914e+00  2.375e+00  0.000e+00  2.375e+00  0.000e+00  0.000e+00  0.000e+00  1.871e+00  3.094e-01  0.000e+00  1.947e-01  2.444e+02  2.775e+02
 2.3600  5.72083e+00  3.004e+00  2.717e+00  0.000e+00  2.717e+00  0.000e+00  0.000e+00  0.000e+00  6.438e-01  3.442e-01  0.000e+00  1.729e+00  2.519e+02  1.061e+02
 2.3800  5.56076e+00  2.936e+00  2.625e+00  0.000e+00  2.625e+00  0.000e+00  0.000e+00  0.000e+00  8.459e-01  5.037e-01  0.000e+00  1.275e+00  2.462e+02 -6.253e+01
 2.4000  5.51358e+00  3.256e+00  2.257e+00  0.000e+00  2.257e+00  0.000e+00  0.000e+00  0.000e+00  1.639e+00  5.623e-01  0.000e+00  5.586e-02  2.731e+02 -7.466e+01
 2.4200  5.47409e+00  3.913e+00  1.561e+00  0.000e+00  1.561e+00  0.000e+00  0.000e+00  0.000e+00  4.184e-01  3.455e-01  0.000e+00  7.971e-01  3.282e+02  2.835e+01
 2.4400  5.81057e+00  1.553e+00  4.258e+00  0.000e+00  4.258e+00  0.000e+00  0.000e+00  0.000e+00  2.033e+00  6.042e-02  0.000e+00  2.164e+00  1.303e+02  1.748e+02
 2.4600  5.53971e+00  3.402e+00  2.138e+00  0.000e+00  2.138e+00  0.000e+00  0.000e+00  0.000e+00  6.938e-01  4.646e-01  0.000e+00  9.797e-01  2.853e+02  2.010e+02
 2.4800  5.50573e+00  3.876e+00  1.629e+00  0.000e+00  1.629e+00  0.000e+00  0.000e+00  0.000e+00  7.550e-01  8.440e-01  0.000e+00  3.041e-02  3.251e+02  6.383e+01
 2.5000  5.67746e+00  1.927e+00  3.751e+00  0.000e+00  3.751e+00  0.000e+00  0.000e+00  0.000e+00  1.938e+00  5.396e-01  0.000e+00  1.273e+00  1.616e+02 -1.124e+02
 2.5200  5.72313e+00  3.347e+00  2.376e+00  0.000e+00  2.376e+00  0.000e+00  0.000e+00  0.000e+00  2.453e-01  4.338e-01  0.000e+00  1.697e+00  2.807e+02 -8.673e+01
 2.5400  5.53932e+00  3.878e+00  1.661e+00  0.000e+00  1.661e+00  0.000e+00  0.000e+00  0.000e+00  1.010e+00  3.530e-01  0.000e+00  2.987e-01  3.252e+02  1.640e+02
 2.5600  5.71229e+00  3.031e+00  2.682e+00  0.000e+00  2.682e+00  0.000e+00  0.000e+00  0.000e+00  1.235e+00  9.014e-01  0.000e+00  5.451e-01  2.542e+02  3.858e+02
 2.5800  5.95572e+00  1.586e+00  4.370e+00  0.000e+00  4.370e+00  0.000e+00  0.000e+00  0.000e+00  9.032e-01  1.432e+00  0.000e+00  2.035e+00  1.330e+02  2.513e+02
 2.6000  5.90253e+00  3.412e+00  2.491e+00  0.000e+00  2.491e+00  0.000e+00  0.000e+00  0.000e+00  4.004e-01  6.825e-01  0.000e+00  1.408e+00  2.861e+02 -1.211e+02
 2.6200  5.65610e+00  4.828e+00  8.285e-01  0.000e+00  8.285e-01  0.000e+00  0.000e+00  0.000e+00  6.312e-01  9.660e-02  0.000e+00  1.007e-01  4.049e+02 -2.878e+02
 2.6400  5.64598e+00  3.800e+00  1.846e+00  0.000e+00  1.846e+00  0.000e+00  0.000e+00  0.000e+00  5.270e-01  5.511e-01  0.000e+00  7.676e-01  3.187e+02 -1.834e+01
 2.6600  5.87488e+00  1.305e+00  4.570e+00  0.000e+00  4.570e+00  0.000e+00  0.000e+00  0.000e+00  1.013e+00  1.751e+00  0.000e+00  1.806e+00  1.095e+02  3.797e+02
 2.6800  5.61054e+00  2.564e+00  3.046e+00  0.000e+00  3.046e+00  0.000e+00  0.000e+00  0.000e+00  7.499e-01  1.552e+00  0.000e+00  7.443e-01  2.150e+02  4.139e+02
 2.7000  5.50170e+00  4.547e+00  9.542e-01  0.000e+00  9.542e-01  0.000e+00  0.000e+00  0.000e+00  4.755e-01  3.960e-01  0.000e+00  8.272e-02  3.814e+02  6.452e+01
 2.7200  5.92372e+00  3.057e+00  2.866e+00  0.000e+00  2.866e+00  0.000e+00  0.000e+00  0.000e+00  8.441e-01  2.578e-01  0.000e+00  1.765e+00  2.564e+02 -2.306e+02
 2.7400  5.87420e+00  2.516e+00  3.359e+00  0.000e+00  3.359e+00  0.000e+00  0.000e+00  0.000e+00  1.192e+00  5.002e-01  0.000e+00  1.667e+00  2.110e+02 -1.448e+02
 2.7600  5.86417e+00  3.640e+00  2.224e+00  0.000e+00  2.224e+00  0.000e+00  0.000e+00  0.000e+00  2.567e-01  1.653e+00  0.000e+00  3.146e-01  3.053e+02  1.306e+02
 2.7800  5.79244e+00  3.246e+00  2.546e+00  0.000e+00  2.546e+00  0.000e+00  0.000e+00  0.000e+00  1.061e+00  1.071e+00  0.000e+00  4.141e-01  2.722e+02  2.701e+02
 2.8000  6.13334e+00  1.964e+00  4.169e+00  0.000e+00  4.169e+00  0.000e+00  0.000e+00  0.000e+00  1.711e+00  1.633e-01  0.000e+00  2.295e+00  1.647e+02  1.608e+02
 2.8200  5.79326e+00  4.273e+00  1.520e+00  0.000e+00  1.520e+00  0.000e+00  0.000e+00  0.000e+00  1.150e-01  1.137e-01  0.000e+00  1.292e+00  3.584e+02 -2.576e+01
 2.8400  5.68093e+00  3.260e+00  2.421e+00  0.000e+00  2.421e+00  0.000e+00  0.000e+00  0.000e+00  1.746e+00  6.602e-01  0.000e+00  1.476e-02  2.734e+02 -9.911e+01
 2.8600  5.78915e+00  3.411e+00  2.378e+00  0.000e+00  2.378e+00  0.000e+00  0.000e+00  0.000e+00  9.900e-01  4.690e-01  0.000e+00  9.192e-01  2.861e+02  1.086e+01
 2.8800  6.09123e+00  2.889e+00  3.203e+00  0.000e+00  3.203e+00  0.000e+00  0.000e+00  0.000e+00  8.602e-01  2.484e-01  0.000e+00  2.094e+00  2.423e+02  1.670e+02
 2.9000  5.83083e+00  2.966e+00  2.864e+00  0.000e+00  2.864e+00  0.000e+00  0.000e+00  0.000e+00  2.277e+00  8.673e-02  0.000e+00  5.003e-01  2.488e+02  2.451e+02
 2.9200  5.91910e+00  4.526e+00  1.393e+00  0.000e+00  1.393e+00  0.000e+00  0.000e+00  0.000e+00  1.064e-01  9.979e-01  0.000e+00  2.886e-01  3.796e+02  1.655e+02
 2.9400  6.08061e+00  1.733e+00  4.347e+00  0.000e+00  4.347e+00  0.000e+00  0.000e+00  0.000e+00  1.404e+00  1.133e+00  0.000e+00  1.810e+00  1.454e+02 -6.789e+01
 2.9600  6.12801e+00  2.866e+00  3.262e+00  0.000e+00  3.262e+00  0.000e+00  0.000e+00  0.000e+00  9.454e-01  3.666e-01  0.000e+00  1.950e+00  2.404e+02 -2.413e+02
 2.9800  5.81499e+00  4.996e+00  8.195e-01  0.000e+00  8.195e-01  0.000e+00  0.000e+00  0.000e+00  5.046e-01  5.588e-02  0.000e+00  2.590e-01  4.190e+02 -1.096e+02
 3.0000  5.80125e+00  3.382e+00  2.419e+00  0.000e+00  2.419e+00  0.000e+00  0.000e+00  0.000e+00  9.800e-01  9.712e-01  0.000e+00  4.679e-01  2.837e+02  2.505e+02
 3.0200  6.10010e+00  1.238e+00  4.862e+00  0.000e+00  4.862e+00  0.000e+00  0.000e+00  0.000e+00  1.160e+00  1.885e+00  0.000e+00  1.817e+00  1.038e+02  4.447e+02
 3.0400  5.83647e+00  3.111e+00  2.725e+00  0.000e+00  2.725e+00  0.000e+00  0.000e+00  0.000e+00  4.312e-01  1.357e+00  0.000e+00  9.370e-01  2.609e+02  1.928e+02
 3.0600  5.76174e+00  5.069e+00  6.925e-01  0.000e+00  6.925e-01  0.000e+00  0.000e+00  0.000e+00  3.442e-01  3.039e-01  0.000e+00  4.436e-02  4.252e+02 -2.082e+02
 3.0800  6.10137e+00  3.845e+00  2.256e+00  0.000e+00  2.256e+00  0.000e+00  0.000e+00  0.000e+00  5.746e-01  2.395e-01  0.000e+00  1.442e+00  3.225e+02 -2.661e+02
 3.1000  6.25265e+00  2.149e+00  4.103e+00  0.000e+00  4.103e+00  0.000e+00  0.000e+00  0.000e+00  2.024e-01  1.580e+00  0.000e+00  2.321e+00  1.803e+02  4.575e+01
 3.1200  6.12360e+00  2.502e+00  3.622e+00  0.000e+00  3.622e+00  0.000e+00  0.000e+00  0.000e+00  5.142e-01  2.323e+00  0.000e+00  7.844e-01  2.098e+02  3.478e+02
 3.1400  5.89580e+00  3.699e+00  2.197e+00  0.000e+00  2.197e+00  0.000e+00  0.000e+00  0.000e+00  9.306e-01  1.132e+00  0.000e+00  1.347e-01  3.102e+02  2.774e+02
 3.1600  6.04786e+00  3.550e+00  2.497e+00  0.000e+00  2.497e+00  0.000e+00  0.000e+00  0.000e+00  7.151e-01  1.655e-01  0.000e+00  1.617e+00  2.978e+02 -4.704e+01
 3.1800  5.97182e+00  2.946e+00  3.026e+00  0.000e+00  3.026e+00  0.000e+00  0.000e+00  0.000e+00  9.129e-01  5.049e-01  0.000e+00  1.609e+00  2.470e+02 -2.211e+02
 3.2000  5.78376e+00  3.619e+00  2.165e+00  0.000e+00  2.165e+00  0.000e+00  0.000e+00  0.000e+00  1.262e+00  7.583e-01  0.000e+00  1.444e-01  3.035e+02 -2.415e+01
 3.2200  5.72932e+00  3.936e+00  1.793e+00  0.000e+00  1.793e+00  0.000e+00  0.000e+00  0.000e+00  3.524e-01  8.372e-01  0.000e+00  6.035e-01  3.301e+02  2.632e+02
 3.2400  6.13156e+00  1.828e+00  4.303e+00  0.000e+00  4.303e+00  0.000e+00  0.000e+00  0.000e+00  2.046e+00  2.065e-01  0.000e+00  2.051e+00  1.533e+02  3.282e+02
 3.2600  5.94543e+00  3.597e+00  2.349e+00  0.000e+00  2.349e+00  0.000e+00  0.000e+00  0.000e+00  1.165e+00  1.161e-01  0.000e+00  1.068e+00  3.017e+02  9.764e+01
 3.2800  5.90774e+00  4.700e+00  1.207e+00  0.000e+00  1.207e+00  0.000e+00  0.000e+00  0.000e+00  3.600e-01  8.039e-01  0.000e+00  4.342e-02  3.942e+02 -1.118e+02
 3.3000  6.00856e+00  1.841e+00  4.167e+00  0.000e+00  4.167e+00  0.000e+00  0.000e+00  0.000e+00  2.141e+00  6.701e-01  0.000e+00  1.357e+00  1.544e+02 -1.318e+02
 3.3200  6.13468e+00  3.340e+00  2.795e+00  0.000e+00  2.795e+00  0.000e+00  0.000e+00  0.000e+00  5.611e-01  1.625e-01  0.000e+00  2.071e+00  2.801e+02  7.265e+00
 3.3400  5.82882e+00  3.328e+00  2.500e+00  0.000e+00  2.500e+00  0.000e+00  0.000e+00  0.000e+00  1.777e+00  9.405e-02  0.000e+00  6.290e-01  2.792e+02  1.705e+02
 3.3600  5.73986e+00  3.912e+00  1.828e+00  0.000e+00  1.828e+00  0.000e+00  0.000e+00  0.000e+00  1.089e+00  3.989e-01  0.000e+00  3.393e-01  3.281e+02  2.873e+02
 3.3800  6.02974e+00  2.300e+00  3.729e+00  0.000e+00  3.729e+00  0.000e+00  0.000e+00  0.000e+00  8.615e-01  1.133e+00  0.000e+00  1.735e+00  1.929e+02  2.112e+02
 3.4000  5.89725e+00  2.405e+00  3.493e+00  0.000e+00  3.493e+00  0.000e+00  0.000e+00  0.000e+00  1.626e+00  7.118e-01  0.000e+00  1.155e+00  2.017e+02 -3.446e+01
 3.4200  5.83355e+00  5.391e+00  4.426e-01  0.000e+00  4.426e-01  0.000e+00  0.000e+00  0.000e+00  3.398e-01  7.351e-02  0.000e+00  2.921e-02  4.521e+02 -1.695e+02
 3.4400  6.09183e+00  3.985e+00  2.107e+00  0.000e+00  2.107e+00  0.000e+00  0.000e+00  0.000e+00  6.504e-01  3.264e-01  0.000e+00  1.130e+00  3.342e+02 -2.586e+00
 3.4600  6.29693e+00  1.409e+00  4.888e+00  0.000e+00  4.888e+00  0.000e+00  0.000e+00  0.000e+00  1.100e+00  1.536e+00  0.000e+00  2.252e+00  1.182e+02  3.003e+02
 3.4800  6.11737e+00  2.206e+00  3.912e+00  0.000e+00  3.912e+00  0.000e+00  0.000e+00  0.000e+00  9.009e-01  1.936e+00  0.000e+00  1.075e+00  1.850e+02  3.444e+02
 3.5000  5.85846e+00  5.135e+00  7.231e-01  0.000e+00  7.231e-01  0.000e+00  0.000e+00  0.000e+00  8.568e-02  6.366e-01  0.000e+00  8.874e-04  4.307e+02  5.937e+01
 3.5200  5.92189e+00  3.740e+00  2.182e+00  0.000e+00  2.182e+00  0.000e+00  0.000e+00  0.000e+00  4.642e-01  4.048e-01  0.000e+00  1.313e+00  3.137e+02 -2.340e+02
 3.5400  6.08487e+00  2.739e+00  3.346e+00  0.000e+00  3.346e+00  0.000e+00  0.000e+00  0.000e+00  6.736e-01  9.730e-01  0.000e+00  1.700e+00  2.297e+02 -1.353e+02
 3.5600  5.87521e+00  3.389e+00  2.486e+00  0.000e+00  2.486e+00  0.000e+00  0.000e+00  0.000e+00  6.008e-01  1.519e+00  0.000e+00  3.657e-01  2.843e+02  2.320e+02
 3.5800  5.77096e+00  2.986e+00  2.785e+00  0.000e+00  2.785e+00  0.000e+00  0.000e+00  0.000e+00  9.187e-01  1.515e+00  0.000e+00  3.512e-01  2.504e+02  4.286e+02
 3.6000  6.15825e+00  2.467e+00  3.691e+00  0.000e+00  3.691e+00  0.000e+00  0.000e+00  0.000e+00  1.036e+00  5.552e-01  0.000e+00  2.100e+00  2.069e+02  1.977e+02
 3.6200  5.89789e+00  3.785e+00  2.113e+00  0.000e+00  2.113e+00  0.000e+00  0.000e+00  0.000e+00  6.665e-01  1.952e-02  0.000e+00  1.427e+00  3.174e+02 -1.847e+02
 3.6400  5.87062e+00  3.702e+00  2.168e+00  0.000e+00  2.168e+00  0.000e+00  0.000e+00  0.000e+00  1.418e+00  6.947e-01  0.000e+00  5.537e-02  3.105e+02 -2.641e+02
 3.6600  5.98591e+00  3.551e+00  2.434e+00  0.000e+00  2.434e+00  0.000e+00  0.000e+00  0.000e+00  9.128e-01  7.552e-01  0.000e+00  7.664e-01  2.979e+02  4.260e+01
 3.6800  6.25315e+00  2.847e+00  3.406e+00  0.000e+00  3.406e+00  0.000e+00  0.000e+00  0.000e+00  8.245e-01  4.536e-01  0.000e+00  2.128e+00  2.388e+02  3.344e+02
 3.7000  5.94841e+00  2.476e+00  3.472e+00  0.000e+00  3.472e+00  0.000e+00  0.000e+00  0.000e+00  2.572e+00  4.208e-02  0.000e+00  8.586e-01  2.077e+02  3.015e+02
 3.7200  5.73872e+00  5.134e+00  6.046e-01  0.000e+00  6.046e-01  0.000e+00  0.000e+00  0.000e+00  2.430e-01  2.675e-01  0.000e+00  9.414e-02  4.306e+02  6.790e+01
 3.7400  5.96271e+00  2.284e+00  3.679e+00  0.000e+00  3.679e+00  0.000e+00  0.000e+00  0.000e+00  1.550e+00  6.301e-01  0.000e+00  1.498e+00  1.916e+02 -9.601e+01
 3.7600  5.99100e+00  2.288e+00  3.703e+00  0.000e+00  3.703e+00  0.000e+00  0.000e+00  0.000e+00  1.531e+00  5.019e-01  0.000e+00  1.670e+00  1.919e+02 -1.101e+02
 3.7800  5.90629e+00  4.858e+00  1.048e+00  0.000e+00  1.048e+00  0.000e+00  0.000e+00  0.000e+00  5.589e-01  2.449e-01  0.000e+00  2.444e-01  4.074e+02 -7.082e+00
 3.8000  6.03937e+00  2.990e+00  3.049e+00  0.000e+00  3.049e+00  0.000e+00  0.000e+00  0.000e+00  2.009e+00  4.995e-01  0.000e+00  5.409e-01  2.508e+02  1.439e+02
 3.8200  6.35626e+00  2.502e+00  3.854e+00  0.000e+00  3.854e+00  0.000e+00  0.000e+00  0.000e+00  3.982e-01  1.206e+00  0.000e+00  2.250e+00  2.098e+02  2.412e+02
 3.8400  6.09493e+00  2.595e+00  3.500e+00  0.000e+00  3.500e+00  0.000e+00  0.000e+00  0.000e+00  8.981e-01  1.221e+00  0.000e+00  1.381e+00  2.176e+02  1.335e+02
 3.8600  5.83409e+00  4.718e+00  1.116e+00  0.000e+00  1.116e+00  0.000e+00  0.000e+00  0.000e+00  6.371e-01  4.571e-01  0.000e+00  2.149e-02  3.957e+02 -9.363e+01
 3.8800  5.73569e+00  4.436e+00  1.300e+00  0.000e+00  1.300e+00  0.000e+00  0.000e+00  0.000e+00  1.733e-01  2.521e-01  0.000e+00  8.748e-01  3.720e+02 -1.339e+02
 3.9000  6.09810e+00  2.500e+00  3.598e+00  0.000e+00  3.598e+00  0.000e+00  0.000e+00  0.000e+00  2.414e-01  1.275e+00  0.000e+00  2.082e+00  2.096e+02  1.054e+02
 3.9200  5.91332e+00  2.221e+00  3.692e+00  0.000e+00  3.692e+00  0.000e+00  0.000e+00  0.000e+00  6.935e-01  2.364e+00  0.000e+00  6.348e-01  1.863e+02  3.547e+02
 3.9400  5.81516e+00  3.079e+00  2.736e+00  0.000e+00  2.736e+00  0.000e+00  0.000e+00  0.000e+00  3.099e-01  2.278e+00  0.000e+00  1.480e-01  2.583e+02  2.658e+02
 3.9600  6.13044e+00  3.979e+00  2.151e+00  0.000e+00  2.151e+00  0.000e+00  0.000e+00  0.000e+00  2.366e-01  2.770e-01  0.000e+00  1.638e+00  3.337e+02 -1.201e+02
 3.9800  5.99397e+00  2.608e+00  3.386e+00  0.000e+00  3.386e+00  0.000e+00  0.000e+00  0.000e+00  1.092e+00  2.549e-01  0.000e+00  2.039e+00  2.187e+02 -3.665e+02
 4.0000  5.85022e+00  4.083e+00  1.767e+00  0.000e+00  1.767e+00  0.000e+00  0.000e+00  0.000e+00  6.143e-01  8.722e-01  0.000e+00  2.806e-01  3.425e+02 -1.015e+02
 4.0200  5.94107e+00  3.517e+00  2.424e+00  0.000e+00  2.424e+00  0.000e+00  0.000e+00  0.000e+00  5.706e-01  1.456e+00  0.000e+00  3.975e-01  2.949e+02  3.513e+02
 4.0400  6.19246e+00  2.069e+00  4.124e+00  0.000e+00  4.124e+00  0.000e+00  0.000e+00  0.000e+00  1.418e+00  8.184e-01  0.000e+00  1.887e+00  1.735e+02  4.723e+02
 4.0600  6.08854e+00  3.568e+00  2.521e+00  0.000e+00  2.521e+00  0.000e+00  0.000e+00  0.000e+00  1.111e+00  1.100e-01  0.000e+00  1.300e+00  2.992e+02  1.173e+02
 4.0800  5.80583e+00  4.961e+00  8.451e-01  0.000e+00  8.451e-01  0.000e+00  0.000e+00  0.000e+00  5.780e-01  2.648e-01  0.000e+00  2.234e-03  4.161e+02 -2.192e+02
 4.1000  5.84263e+00  2.246e+00  3.596e+00  0.000e+00  3.596e+00  0.000e+00  0.000e+00  0.000e+00  1.598e+00  9.547e-01  0.000e+00  1.044e+00  1.884e+02 -1.713e+02
 4.1200  6.02562e+00  2.992e+00  3.033e+00  0.000e+00  3.033e+00  0.000e+00  0.000e+00  0.000e+00  5.300e-01  5.240e-01  0.000e+00  1.979e+00  2.510e+02  1.130e+02
 4.1400  5.91407e+00  3.032e+00  2.882e+00  0.000e+00  2.882e+00  0.000e+00  0.000e+00  0.000e+00  1.997e+00  9.038e-02  0.000e+00  7.947e-01  2.543e+02  2.419e+02
 4.1600  5.85847e+00  3.767e+00  2.091e+00  0.000e+00  2.091e+00  0.000e+00  0.000e+00  0.000e+00  1.772e+00  1.060e-01  0.000e+00  2.130e-01  3.159e+02  1.592e+02
 4.1800  6.17117e+00  3.573e+00  2.598e+00  0.000e+00  2.598e+00  0.000e+00  0.000e+00  0.000e+00  1.842e-01  6.546e-01  0.000e+00  1.760e+00  2.996e+02  3.882e+01
 4.2000  6.05397e+00  1.446e+00  4.608e+00  0.000e+00  4.608e+00  0.000e+00  0.000e+00  0.000e+00  2.330e+00  7.434e-01  0.000e+00  1.535e+00  1.212e+02 -2.844e+01
 4.2200  5.86628e+00  5.050e+00  8.165e-01  0.000e+00  8.165e-01  0.000e+00  0.000e+00  0.000e+00  5.769e-01  7.707e-02  0.000e+00  1.625e-01  4.235e+02 -3.337e+00
 4.2400  5.70684e+00  3.943e+00  1.764e+00  0.000e+00  1.764e+00  0.000e+00  0.000e+00  0.000e+00  9.153e-01  7.472e-02  0.000e+00  7.738e-01  3.307e+02  1.065e+02
 4.2600  6.11062e+00  1.861e+00  4.250e+00  0.000e+00  4.250e+00  0.000e+00  0.000e+00  0.000e+00  1.226e+00  8.452e-01  0.000e+00  2.179e+00  1.560e+02  2.362e+02
 4.2800  5.87232e+00  2.622e+00  3.251e+00  0.000e+00  3.251e+00  0.000e+00  0.000e+00  0.000e+00  6.866e-01  1.568e+00  0.000e+00  9.963e-01  2.199e+02  2.112e+02
 4.3000  5.84438e+00  3.734e+00  2.111e+00  0.000e+00  2.111e+00  0.000e+00  0.000e+00  0.000e+00  1.090e+00  1.017e+00  0.000e+00  4.017e-03  3.131e+02  6.019e+00
 4.3200  6.09136e+00  4.226e+00  1.865e+00  0.000e+00  1.865e+00  0.000e+00  0.000e+00  0.000e+00  5.110e-01  1.151e-01  0.000e+00  1.239e+00  3.545e+02 -2.092e+02
 4.3400  6.08285e+00  3.114e+00  2.969e+00  0.000e+00  2.969e+00  0.000e+00  0.000e+00  0.000e+00  1.887e-01  8.076e-01  0.000e+00  1.973e+00  2.611e+02 -9.502e+01
 4.3600  5.91392e+00  3.124e+00  2.790e+00  0.000e+00  2.790e+00  0.000e+00  0.000e+00  0.000e+00  7.117e-01  1.540e+00  0.000e+00  5.383e-01  2.620e+02  2.729e+02
 4.3800  5.90864e+00  2.793e+00  3.115e+00  0.000e+00  3.115e+00  0.000e+00  0.000e+00  0.000e+00  1.311e+00  1.578e+00  0.000e+00  2.256e-01  2.343e+02  5.047e+02
 4.4000  6.12748e+00  2.971e+00  3.157e+00  0.000e+00  3.157e+00  0.000e+00  0.000e+00  0.000e+00  2.625e-01  9.576e-01  0.000e+00  1.937e+00  2.492e+02  2.474e+02
 4.4200  6.12527e+00  3.662e+00  2.464e+00  0.000e+00  2.464e+00  0.000e+00  0.000e+00  0.000e+00  6.208e-01  1.101e-01  0.000e+00  1.733e+00  3.071e+02 -2.394e+02
 4.4400  5.90708e+00  3.747e+00  2.160e+00  0.000e+00  2.160e+00  0.000e+00  0.000e+00  0.000e+00  1.479e+00  4.989e-01  0.000e+00  1.818e-01  3.143e+02 -3.656e+02
 4.4600  5.84605e+00  3.553e+00  2.293e+00  0.000e+00  2.293e+00  0.000e+00  0.000e+00  0.000e+00  5.893e-01  1.130e+00  0.000e+00  5.734e-01  2.980e+02  3.193e+01
 4.4800  6.11961e+00  2.245e+00  3.874e+00  0.000e+00  3.874e+00  0.000e+00  0.000e+00  0.000e+00  7.545e-01  1.145e+00  0.000e+00  1.975e+00  1.883e+02  4.173e+02
 4.5000  5.87236e+00  2.602e+00  3.271e+00  0.000e+00  3.271e+00  0.000e+00  0.000e+00  0.000e+00  1.706e+00  4.162e-01  0.000e+00  1.149e+00  2.182e+02  3.508e+02
 4.5200  5.70276e+00  5.011e+00  6.916e-01  0.000e+00  6.916e-01  0.000e+00  0.000e+00  0.000e+00  6.089e-01  7.469e-02  0.000e+00  7.995e-03  4.203e+02 -4.809e-02
 4.5400  6.06084e+00  3.145e+00  2.915e+00  0.000e+00  2.915e+00  0.000e+00  0.000e+00  0.000e+00  1.085e+00  4.622e-01  0.000e+00  1.368e+00  2.638e+02 -1.551e+02
 4.5600  6.11903e+00  1.976e+00  4.143e+00  0.000e+00  4.143e+00  0.000e+00  0.000e+00  0.000e+00  1.663e+00  6.044e-01  0.000e+00  1.875e+00  1.657e+02 -1.199e+01
 4.5800  6.04405e+00  4.676e+00  1.368e+00  0.000e+00  1.368e+00  0.000e+00  0.000e+00  0.000e+00  3.517e-01  5.088e-01  0.000e+00  5.075e-01  3.922e+02  1.626e+02
 4.6000  5.81276e+00  2.611e+00  3.202e+00  0.000e+00  3.202e+00  0.000e+00  0.000e+00  0.000e+00  2.611e+00  2.704e-01  0.000e+00  3.203e-01  2.190e+02  1.655e+02
 4.6200  6.15251e+00  2.959e+00  3.194e+00  0.000e+00  3.194e+00  0.000e+00  0.000e+00  0.000e+00  7.101e-01  2.958e-01  0.000e+00  2.188e+00  2.481e+02  6.813e+01
 4.6400  5.84073e+00  2.923e+00  2.918e+00  0.000e+00  2.918e+00  0.000e+00  0.000e+00  0.000e+00  7.164e-01  7.018e-01  0.000e+00  1.499e+00  2.452e+02 -3.802e+01
 4.6600  5.78342e+00  3.302e+00  2.481e+00  0.000e+00  2.481e+00  0.000e+00  0.000e+00  0.000e+00  1.668e+00  7.288e-01  0.000e+00  8.421e-02  2.770e+02 -8.710e+01
 4.6800  5.93927e+00  4.889e+00  1.050e+00  0.000e+00  1.050e+00  0.000e+00  0.000e+00  0.000e+00  2.686e-01  1.003e-01  0.000e+00  6.813e-01  4.100e+02  1.540e+01
 4.7000  6.26630e+00  2.185e+00  4.081e+00  0.000e+00  4.081e+00  0.000e+00  0.000e+00  0.000e+00  1.120e+00  6.910e-01  0.000e+00  2.270e+00  1.833e+02  2.260e+02
 4.7200  6.01097e+00  3.351e+00  2.660e+00  0.000e+00  2.660e+00  0.000e+00  0.000e+00  0.000e+00  8.716e-01  1.015e+00  0.000e+00  7.737e-01  2.810e+02  3.358e+02
 4.7400  5.93812e+00  3.353e+00  2.585e+00  0.000e+00  2.585e+00  0.000e+00  0.000e+00  0.000e+00  5.094e-01  1.970e+00  0.000e+00  1.056e-01  2.812e+02  1.758e+02
 4.7600  5.98116e+00  3.190e+00  2.791e+00  0.000e+00  2.791e+00  0.000e+00  0.000e+00  0.000e+00  5.407e-01  6.820e-01  0.000e+00  1.569e+00  2.675e+02 -1.495e+02
 4.7800  6.13761e+00  2.969e+00  3.168e+00  0.000e+00  3.168e+00  0.000e+00  0.000e+00  0.000e+00  6.752e-01  9.134e-02  0.000e+00  2.402e+00  2.490e+02 -3.456e+02
 4.8000  5.90125e+00  3.852e+00  2.050e+00  0.000e+00  2.050e+00  0.000e+00  0.000e+00  0.000e+00  4.683e-01  9.856e-01  0.000e+00  5.957e-01  3.230e+02 -1.141e+02
 4.8200  5.79951e+00  2.902e+00  2.898e+00  0.000e+00  2.898e+00  0.000e+00  0.000e+00  0.000e+00  6.987e-01  2.016e+00  0.000e+00  1.825e-01  2.434e+02  3.301e+02
 4.8400  6.13787e+00  2.034e+00  4.104e+00  0.000e+00  4.104e+00  0.000e+00  0.000e+00  0.000e+00  9.932e-01  1.506e+00  0.000e+00  1.604e+00  1.706e+02  4.700e+02
 4.8600  5.96271e+00  3.775e+00  2.188e+00  0.000e+00  2.188e+00  0.000e+00  0.000e+00  0.000e+00  1.470e-01  6.513e-01  0.000e+00  1.389e+00  3.166e+02  1.121e+02
 4.8800  5.75050e+00  4.843e+00  9.078e-01  0.000e+00  9.078e-01  0.000e+00  0.000e+00  0.000e+00  7.998e-01  1.001e-01  0.000e+00  7.834e-03  4.062e+02 -2.580e+02
 4.9000  6.06787e+00  3.556e+00  2.512e+00  0.000e+00  2.512e+00  0.000e+00  0.000e+00  0.000e+00  7.493e-01  8.057e-01  0.000e+00  9.572e-01  2.982e+02 -1.619e+02
 4.9200  6.26668e+00  2.400e+00  3.867e+00  0.000e+00  3.867e+00  0.000e+00  0.000e+00  0.000e+00  3.715e-01  1.284e+00  0.000e+00  2.212e+00  2.013e+02  2.185e+02
 4.9400  6.26549e+00  2.797e+00  3.468e+00  0.000e+00  3.468e+00  0.000e+00  0.000e+00  0.000e+00  1.313e+00  8.431e-01  0.000e+00  1.312e+00  2.346e+02  3.410e+02
 4.9600  5.90011e+00  3.527e+00  2.373e+00  0.000e+00  2.373e+00  0.000e+00  0.000e+00  0.000e+00  1.984e+00  3.753e-01  0.000e+00  1.385e-02  2.958e+02  7.726e+01
 4.9800  6.07407e+00  4.153e+00  1.921e+00  0.000e+00  1.921e+00  0.000e+00  0.000e+00  0.000e+00  4.513e-01  1.293e-01  0.000e+00  1.340e+00  3.483e+02 -1.643e+02
 5.0000  6.00200e+00  1.714e+00  4.288e+00  0.000e+00  4.288e+00  0.000e+00  0.000e+00  0.000e+00  1.827e+00  6.440e-01  0.000e+00  1.817e+00  1.438e+02 -1.024e+02
 5.0200  5.86969e+00  4.154e+00  1.716e+00  0.000e+00  1.716e+00  0.000e+00  0.000e+00  0.000e+00  8.924e-01  3.574e-01  0.000e+00  4.657e-01  3.484e+02  1.441e+02
 5.0400  5.74059e+00  3.980e+00  1.760e+00  0.000e+00  1.760e+00  0.000e+00  0.000e+00  0.000e+00  1.219e+00  1.577e-01  0.000e+00  3.838e-01  3.338e+02  2.934e+02
 5.0600  6.25185e+00  1.923e+00  4.328e+00  0.000e+00  4.328e+00  0.000e+00  0.000e+00  0.000e+00  1.897e+00  1.965e-01  0.000e+00  2.235e+00  1.613e+02  2.460e+02
 5.0800  6.10538e+00  4.129e+00  1.976e+00  0.000e+00  1.976e+00  0.000e+00  0.000e+00  0.000e+00  8.344e-02  4.435e-01  0.000e+00  1.449e+00  3.463e+02  5.083e+01
 5.1000  5.99265e+00  3.120e+00  2.873e+00  0.000e+00  2.873e+00  0.000e+00  0.000e+00  0.000e+00  1.789e+00  1.047e+00  0.000e+00  3.695e-02  2.616e+02 -1.177e+02
 5.1200  5.94174e+00  3.435e+00  2.506e+00  0.000e+00  2.506e+00  0.000e+00  0.000e+00  0.000e+00  1.200e+00  4.734e-01  0.000e+00  8.329e-01  2.881e+02 -1.743e+02
 5.1400  6.16358e+00  3.392e+00  2.772e+00  0.000e+00  2.772e+00  0.000e+00  0.000e+00  0.000e+00  4.322e-01  9.348e-02  0.000e+00  2.246e+00  2.845e+02  1.272e+01
 5.1600  5.87119e+00  2.695e+00  3.176e+00  0.000e+00  3.176e+00  0.000e+00  0.000e+00  0.000e+00  1.462e+00  6.131e-01  0.000e+00  1.102e+00  2.260e+02  2.938e+02
 5.1800  5.68433e+00  3.697e+00  1.987e+00  0.000e+00  1.987e+00  0.000e+00  0.000e+00  0.000e+00  9.895e-01  9.531e-01  0.000e+00  4.449e-02  3.101e+02  4.086e+02
 5.2000  6.04737e+00  2.362e+00  3.686e+00  0.000e+00  3.686e+00  0.000e+00  0.000e+00  0.000e+00  1.035e+00  1.197e+00  0.000e+00  1.455e+00  1.981e+02  1.714e+02
 5.2200  6.01885e+00  3.233e+00  2.785e+00  0.000e+00  2.785e+00  0.000e+00  0.000e+00  0.000e+00  5.972e-01  5.226e-01  0.000e+00  1.666e+00  2.712e+02 -1.916e+02
 5.2400  5.90675e+00  4.745e+00  1.162e+00  0.000e+00  1.162e+00  0.000e+00  0.000e+00  0.000e+00  7.413e-01  1.233e-01  0.000e+00  2.974e-01  3.979e+02 -2.625e+02
 5.2600  6.05629e+00  3.773e+00  2.284e+00  0.000e+00  2.284e+00  0.000e+00  0.000e+00  0.000e+00  8.693e-01  8.679e-01  0.000e+00  5.465e-01  3.164e+02  9.004e+01
 5.2800  6.36285e+00  1.159e+00  5.204e+00  0.000e+00  5.204e+00  0.000e+00  0.000e+00  0.000e+00  1.129e+00  1.872e+00  0.000e+00  2.203e+00  9.720e+01  3.897e+02
 5.3000  6.24875e+00  2.618e+00  3.630e+00  0.000e+00  3.630e+00  0.000e+00  0.000e+00  0.000e+00  3.729e-01  1.481e+00  0.000e+00  1.777e+00  2.196e+02  2.604e+02
 5.3200  5.88436e+00  5.229e+00  6.558e-01  0.000e+00  6.558e-01  0.000e+00  0.000e+00  0.000e+00  2.869e-01  1.811e-01  0.000e+00  1.879e-01  4.385e+02 -9.848e+01
 5.3400  5.86153e+00  4.062e+00  1.800e+00  0.000e+00  1.800e+00  0.000e+00  0.000e+00  0.000e+00  7.968e-01  3.114e-01  0.000e+00  6.915e-01  3.407e+02 -1.933e+02
 5.3600  6.07062e+00  2.081e+00  3.990e+00  0.000e+00  3.990e+00  0.000e+00  0.000e+00  0.000e+00  9.582e-01  1.314e+00  0.000e+00  1.717e+00  1.745e+02  1.062e+02
 5.3800  6.00311e+00  3.470e+00  2.533e+00  0.000e+00  2.533e+00  0.000e+00  0.000e+00  0.000e+00  5.735e-01  1.156e+00  0.000e+00  8.038e-01  2.910e+02  3.777e+02
 5.4000  5.73097e+00  3.603e+00  2.128e+00  0.000e+00  2.128e+00  0.000e+00  0.000e+00  0.000e+00  1.516e+00  5.316e-01  0.000e+00  8.031e-02  3.022e+02  2.742e+02
 5.4200  6.15734e+00  2.787e+00  3.370e+00  0.000e+00  3.370e+00  0.000e+00  0.000e+00  0.000e+00  1.304e+00  1.437e-01  0.000e+00  1.923e+00  2.338e+02 -5.739e+01
 5.4400  6.03906e+00  3.046e+00  2.993e+00  0.000e+00  2.993e+00  0.000e+00  0.000e+00  0.000e+00  7.207e-01  2.832e-01  0.000e+00  1.989e+00  2.555e+02 -2.274e+02
 5.4600  6.00118e+00  2.823e+00  3.178e+00  0.000e+00  3.178e+00  0.000e+00  0.000e+00  0.000e+00  1.400e+00  1.274e+00  0.000e+00  5.043e-01  2.368e+02 -1.284e+02
 5.4800  5.90326e+00  4.792e+00  1.112e+00  0.000e+00  1.112e+00  0.000e+00  0.000e+00  0.000e+00  3.170e-01  6.115e-01  0.000e+00  1.831e-01  4.019e+02  9.590e+01
 5.5000  6.23615e+00  2.092e+00  4.144e+00  0.000e+00  4.144e+00  0.000e+00  0.000e+00  0.000e+00  1.777e+00  3.174e-01  0.000e+00  2.050e+00  1.755e+02  2.782e+02
 5.5200  5.99638e+00  3.211e+00  2.785e+00  0.000e+00  2.785e+00  0.000e+00  0.000e+00  0.000e+00  1.089e+00  3.587e-01  0.000e+00  1.337e+00  2.693e+02  2.836e+02
 5.5400  5.73993e+00  4.766e+00  9.742e-01  0.000e+00  9.742e-01  0.000e+00  0.000e+00  0.000e+00  4.040e-01  5.702e-01  0.000e+00  5.670e-07  3.997e+02  1.098e+02
 5.5600  5.89392e+00  2.164e+00  3.730e+00  0.000e+00  3.730e+00  0.000e+00  0.000e+00  0.000e+00  2.038e+00  5.893e-01  0.000e+00  1.103e+00  1.815e+02 -9.493e+01
 5.5800  6.05616e+00  3.094e+00  2.962e+00  0.000e+00  2.962e+00  0.000e+00  0.000e+00  0.000e+00  5.275e-01  2.002e-01  0.000e+00  2.235e+00  2.595e+02 -1.769e+02
 5.6000  6.02252e+00  3.570e+00  2.453e+00  0.000e+00  2.453e+00  0.000e+00  0.000e+00  0.000e+00  1.241e+00  3.299e-01  0.000e+00  8.818e-01  2.994e+02 -2.897e+00
 5.6200  5.97941e+00  3.337e+00  2.643e+00  0.000e+00  2.643e+00  0.000e+00  0.000e+00  0.000e+00  1.164e+00  1.388e+00  0.000e+00  9.118e-02  2.798e+02  2.532e+02
 5.6400  6.26805e+00  2.560e+00  3.708e+00  0.000e+00  3.708e+00  0.000e+00  0.000e+00  0.000e+00  6.359e-01  1.455e+00  0.000e+00  1.617e+00  2.147e+02  2.586e+02
 5.6600  6.15754e+00  2.736e+00  3.421e+00  0.000e+00  3.421e+00  0.000e+00  0.000e+00  0.000e+00  6.780e-01  7.823e-01  0.000e+00  1.961e+00  2.295e+02 -3.798e+01
 5.6800  5.87211e+00  4.851e+00  1.022e+00  0.000e+00  1.022e+00  0.000e+00  0.000e+00  0.000e+00  4.899e-01  1.699e-01  0.000e+00  3.618e-01  4.068e+02 -2.416e+02
 5.7000  5.65930e+00  4.404e+00  1.255e+00  0.000e+00  1.255e+00  0.000e+00  0.000e+00  0.000e+00  4.358e-01  4.872e-01  0.000e+00  3.323e-01  3.694e+02 -2.664e+01
 5.7200  6.04504e+00  1.821e+00  4.224e+00  0.000e+00  4.224e+00  0.000e+00  0.000e+00  0.000e+00  8.310e-01  1.545e+00  0.000e+00  1.848e+00  1.527e+02  3.621e+02
 5.7400  6.03506e+00  2.251e+00  3.784e+00  0.000e+00  3.784e+00  0.000e+00  0.000e+00  0.000e+00  6.432e-01  1.890e+00  0.000e+00  1.250e+00  1.888e+02  3.920e+02
 5.7600  5.81032e+00  4.145e+00  1.665e+00  0.000e+00  1.665e+00  0.000e+00  0.000e+00  0.000e+00  4.374e-01  1.228e+00  0.000e+00  2.314e-05  3.476e+02  1.466e+01
 5.7800  6.13882e+00  3.855e+00  2.284e+00  0.000e+00  2.284e+00  0.000e+00  0.000e+00  0.000e+00  1.089e+00  6.538e-02  0.000e+00  1.129e+00  3.233e+02 -2.914e+02
 5.8000  6.13761e+00  2.464e+00  3.673e+00  0.000e+00  3.673e+00  0.000e+00  0.000e+00  0.000e+00  8.611e-01  5.868e-01  0.000e+00  2.225e+00  2.067e+02 -1.934e+02
 5.8200  6.05268e+00  3.525e+00  2.528e+00  0.000e+00  2.528e+00  0.000e+00  0.000e+00  0.000e+00  4.480e-01  1.120e+00  0.000e+00  9.603e-01  2.956e+02  1.907e+02
 5.8400  5.86224e+00  3.824e+00  2.038e+00  0.000e+00  2.038e+00  0.000e+00  0.000e+00  0.000e+00  1.021e+00  9.798e-01  0.000e+00  3.729e-02  3.207e+02  4.068e+02
 5.8600  6.09195e+00  2.217e+00  3.875e+00  0.000e+00  3.875e+00  0.000e+00  0.000e+00  0.000e+00  1.884e+00  4.649e-01  0.000e+00  1.525e+00  1.860e+02  2.746e+02
 5.8800  6.13656e+00  3.836e+00  2.301e+00  0.000e+00  2.301e+00  0.000e+00  0.000e+00  0.000e+00  2.108e-01  3.060e-01  0.000e+00  1.784e+00  3.217e+02 -3.593e+01
 5.9000  5.93252e+00  4.082e+00  1.851e+00  0.000e+00  1.851e+00  0.000e+00  0.000e+00  0.000e+00  1.289e+00  3.982e-01  0.000e+00  1.635e-01  3.423e+02 -1.686e+02
 5.9200  5.85861e+00  2.996e+00  2.862e+00  0.000e+00  2.862e+00  0.000e+00  0.000e+00  0.000e+00  1.390e+00  9.763e-01  0.000e+00  4.957e-01  2.513e+02 -7.266e+01
 5.9400  6.11092e+00  3.090e+00  3.021e+00  0.000e+00  3.021e+00  0.000e+00  0.000e+00  0.000e+00  7.197e-01  2.577e-01  0.000e+00  2.044e+00  2.591e+02  1.221e+02
 5.9600  6.06254e+00  2.055e+00  4.008e+00  0.000e+00  4.008e+00  0.000e+00  0.000e+00  0.000e+00  2.412e+00  5.959e-02  0.000e+00  1.536e+00  1.724e+02  2.330e+02
 5.9800  5.82278e+00  5.131e+00  6.923e-01  0.000e+00  6.923e-01  0.000e+00  0.000e+00  0.000e+00  4.173e-01  2.748e-01  0.000e+00  1.769e-04  4.303e+02  2.103e+02
 6.0000  6.09056e+00  2.899e+00  3.191e+00  0.000e+00  3.191e+00  0.000e+00  0.000e+00  0.000e+00  1.450e+00  6.503e-01  0.000e+00  1.091e+00  2.432e+02  5.200e+01
 6.0200  6.11058e+00  1.801e+00  4.310e+00  0.000e+00  4.310e+00  0.000e+00  0.000e+00  0.000e+00  1.765e+00  7.279e-01  0.000e+00  1.817e+00  1.510e+02 -9.963e+01
 6.0400  6.00221e+00  4.976e+00  1.026e+00  0.000e+00  1.026e+00  0.000e+00  0.000e+00  0.000e+00  2.518e-01  1.021e-01  0.000e+00  6.725e-01  4.173e+02 -7.122e+01
 6.0600  5.70596e+00  3.754e+00  1.952e+00  0.000e+00  1.952e+00  0.000e+00  0.000e+00  0.000e+00  1.462e+00  2.307e-01  0.000e+00  2.595e-01  3.149e+02  1.803e+02
 6.0800  6.08462e+00  1.945e+00  4.139e+00  0.000e+00  4.139e+00  0.000e+00  0.000e+00  0.000e+00  1.236e+00  1.072e+00  0.000e+00  1.831e+00  1.631e+02  3.587e+02
 6.1000  5.95150e+00  2.040e+00  3.911e+00  0.000e+00  3.911e+00  0.000e+00  0.000e+00  0.000e+00  9.999e-01  1.363e+00  0.000e+00  1.548e+00  1.711e+02  1.639e+02
 6.1200  5.81179e+00  4.480e+00  1.332e+00  0.000e+00  1.332e+00  0.000e+00  0.000e+00  0.000e+00  5.798e-01  5.942e-01  0.000e+00  1.575e-01  3.758e+02 -1.904e+02
 6.1400  6.05808e+00  4.853e+00  1.205e+00  0.000e+00  1.205e+00  0.000e+00  0.000e+00  0.000e+00  4.869e-01  3.268e-02  0.000e+00  6.858e-01  4.070e+02 -2.293e+02
 6.1600  6.21717e+00  2.695e+00  3.522e+00  0.000e+00  3.522e+00  0.000e+00  0.000e+00  0.000e+00  5.386e-01  1.075e+00  0.000e+00  1.909e+00  2.260e+02  1.426e+02
 6.1800  6.15023e+00  1.993e+00  4.157e+00  0.000e+00  4.157e+00  0.000e+00  0.000e+00  0.000e+00  1.129e+00  1.856e+00  0.000e+00  1.172e+00  1.672e+02  4.571e+02
 6.2000  5.89755e+00  4.098e+00  1.799e+00  0.000e+00  1.799e+00  0.000e+00  0.000e+00  0.000e+00  4.993e-01  1.300e+00  0.000e+00  2.025e-05  3.437e+02  3.540e+02
 6.2200  6.00237e+00  3.651e+00  2.351e+00  0.000e+00  2.351e+00  0.000e+00  0.000e+00  0.000e+00  5.092e-01  4.969e-01  0.000e+00  1.345e+00  3.062e+02 -5.336e+01
 6.2400  6.11214e+00  2.906e+00  3.206e+00  0.000e+00  3.206e+00  0.000e+00  0.000e+00  0.000e+00  1.117e+00  9.129e-02  0.000e+00  1.998e+00  2.437e+02 -2.796e+02
 6.2600  6.02927e+00  3.278e+00  2.751e+00  0.000e+00  2.751e+00  0.000e+00  0.000e+00  0.000e+00  9.722e-01  1.062e+00  0.000e+00  7.166e-01  2.749e+02 -1.159e+02
 6.2800  5.85549e+00  3.763e+00  2.093e+00  0.000e+00  2.093e+00  0.000e+00  0.000e+00  0.000e+00  1.688e-01  1.845e+00  0.000e+00  7.888e-02  3.156e+02  2.024e+02
 6.3000  6.15367e+00  2.316e+00  3.838e+00  0.000e+00  3.838e+00  0.000e+00  0.000e+00  0.000e+00  1.279e+00  8.656e-01  0.000e+00  1.693e+00  1.943e+02  3.237e+02
 6.3200  6.01493e+00  2.711e+00  3.304e+00  0.000e+00  3.304e+00  0.000e+00  0.000e+00  0.000e+00  1.482e+00  2.259e-01  0.000e+00  1.596e+00  2.274e+02  1.541e+02
 6.3400  5.78252e+00  5.351e+00  4.316e-01  0.000e+00  4.316e-01  0.000e+00  0.000e+00  0.000e+00  1.744e-01  1.768e-01  0.000e+00  8.045e-02  4.488e+02 -6.986e+01
 6.3600  6.00320e+00  2.771e+00  3.232e+00  0.000e+00  3.232e+00  0.000e+00  0.000e+00  0.000e+00  1.964e+00  5.514e-01  0.000e+00  7.160e-01  2.324e+02 -8.734e+01
 6.3800  6.16625e+00  2.705e+00  3.462e+00  0.000e+00  3.462e+00  0.000e+00  0.000e+00  0.000e+00  8.741e-01  5.810e-01  0.000e+00  2.007e+00  2.268e+02  4.440e+01
 6.4000  6.16880e+00  3.361e+00  2.808e+00  0.000e+00  2.808e+00  0.000e+00  0.000e+00  0.000e+00  1.547e+00  1.318e-01  0.000e+00  1.130e+00  2.819e+02  1.713e+02
 6.4200  5.80124e+00  3.591e+00  2.210e+00  0.000e+00  2.210e+00  0.000e+00  0.000e+00  0.000e+00  1.835e+00  3.631e-01  0.000e+00  1.172e-02  3.012e+02  1.870e+02
 6.4400  6.07830e+00  3.578e+00  2.500e+00  0.000e+00  2.500e+00  0.000e+00  0.000e+00  0.000e+00  1.470e-01  9.641e-01  0.000e+00  1.389e+00  3.001e+02  8.207e+01
 6.4600  5.93805e+00  1.242e+00  4.696e+00  0.000e+00  4.696e+00  0.000e+00  0.000e+00  0.000e+00  2.006e+00  8.988e-01  0.000e+00  1.791e+00  1.042e+02 -1.004e+02
 6.4800  5.85189e+00  4.647e+00  1.205e+00  0.000e+00  1.205e+00  0.000e+00  0.000e+00  0.000e+00  5.469e-01  2.156e-01  0.000e+00  4.425e-01  3.897e+02 -1.746e+02
 6.5000  5.91228e+00  4.782e+00  1.130e+00  0.000e+00  1.130e+00  0.000e+00  0.000e+00  0.000e+00  7.611e-01  1.408e-01  0.000e+00  2.281e-01  4.011e+02  7.010e+00
 6.5200  6.34188e+00  2.025e+00  4.317e+00  0.000e+00  4.317e+00  0.000e+00  0.000e+00  0.000e+00  1.282e+00  1.008e+00  0.000e+00  2.027e+00  1.698e+02  3.241e+02
 6.5400  6.19808e+00  2.310e+00  3.888e+00  0.000e+00  3.888e+00  0.000e+00  0.000e+00  0.000e+00  8.575e-01  1.647e+00  0.000e+00  1.384e+00  1.938e+02  3.714e+02
 6.5600  5.96945e+00  4.162e+00  1.807e+00  0.000e+00  1.807e+00  0.000e+00  0.000e+00  0.000e+00  2.253e-01  1.562e+00  0.000e+00  2.018e-02  3.491e+02  4.589e+01
 6.5800  5.83686e+00  4.387e+00  1.450e+00  0.000e+00  1.450e+00  0.000e+00  0.000e+00  0.000e+00  5.447e-01  1.278e-01  0.000e+00  7.777e-01  3.679e+02 -2.612e+02
 6.6000  6.04891e+00  2.830e+00  3.219e+00  0.000e+00  3.219e+00  0.000e+00  0.000e+00  0.000e+00  4.818e-01  4.918e-01  0.000e+00  2.245e+00  2.373e+02 -2.135e+02
 6.6200  5.98526e+00  2.893e+00  3.092e+00  0.000e+00  3.092e+00  0.000e+00  0.000e+00  0.000e+00  1.901e-01  1.867e+00  0.000e+00  1.035e+00  2.426e+02  1.623e+02
 6.6400  5.75461e+00  2.812e+00  2.942e+00  0.000e+00  2.942e+00  0.000e+00  0.000e+00  0.000e+00  7.217e-01  2.215e+00  0.000e+00  5.653e-03  2.359e+02  4.176e+02
 6.6600  6.08458e+00  3.345e+00  2.740e+00  0.000e+00  2.740e+00  0.000e+00  0.000e+00  0.000e+00  7.617e-01  7.132e-01  0.000e+00  1.265e+00  2.805e+02  2.705e+02
 6.6800  6.07905e+00  3.076e+00  3.003e+00  0.000e+00  3.003e+00  0.000e+00  0.000e+00  0.000e+00  5.492e-01  5.291e-01  0.000e+00  1.925e+00  2.580e+02 -1.164e+02
 6.7000  5.82287e+00  4.450e+00  1.373e+00  0.000e+00  1.373e+00  0.000e+00  0.000e+00  0.000e+00  8.652e-01  3.071e-01  0.000e+00  2.004e-01  3.732e+02 -2.295e+02
 6.7200  5.97982e+00  3.597e+00  2.383e+00  0.000e+00  2.383e+00  0.000e+00  0.000e+00  0.000e+00  8.764e-01  1.101e+00  0.000e+00  4.050e-01  3.017e+02  2.125e+01
 6.7400  6.18296e+00  2.865e+00  3.318e+00  0.000e+00  3.318e+00  0.000e+00  0.000e+00  0.000e+00  5.723e-01  7.948e-01  0.000e+00  1.951e+00  2.403e+02  2.807e+02
 6.7600  6.24893e+00  1.986e+00  4.263e+00  0.000e+00  4.263e+00  0.000e+00  0.000e+00  0.000e+00  2.384e+00  1.622e-01  0.000e+00  1.716e+00  1.666e+02  2.438e+02
 6.7800  5.84420e+00  4.756e+00  1.089e+00  0.000e+00  1.089e+00  0.000e+00  0.000e+00  0.000e+00  8.890e-01  1.671e-01  0.000e+00  3.252e-02  3.988e+02  2.042e+01
 6.8000  5.98988e+00  3.823e+00  2.166e+00  0.000e+00  2.166e+00  0.000e+00  0.000e+00  0.000e+00  8.478e-01  5.047e-01  0.000e+00  8.139e-01  3.207e+02 -1.091e+02
 6.8200  6.00606e+00  1.445e+00  4.561e+00  0.000e+00  4.561e+00  0.000e+00  0.000e+00  0.000e+00  2.272e+00  5.364e-01  0.000e+00  1.753e+00  1.212e+02 -4.559e+01
 6.8400  5.93792e+00  4.456e+00  1.482e+00  0.000e+00  1.482e+00  0.000e+00  0.000e+00  0.000e+00  5.902e-01  1.011e-01  0.000e+00  7.904e-01  3.737e+02  1.042e+02
 6.8600  5.78572e+00  3.406e+00  2.380e+00  0.000e+00  2.380e+00  0.000e+00  0.000e+00  0.000e+00  2.189e+00  3.903e-02  0.000e+00  1.523e-01  2.856e+02  2.325e+02
 6.8800  6.22779e+00  3.069e+00  3.159e+00  0.000e+00  3.159e+00  0.000e+00  0.000e+00  0.000e+00  7.638e-01  6.071e-01  0.000e+00  1.788e+00  2.574e+02  2.656e+02
 6.9000  6.13305e+00  2.367e+00  3.766e+00  0.000e+00  3.766e+00  0.000e+00  0.000e+00  0.000e+00  1.179e+00  9.058e-01  0.000e+00  1.682e+00  1.985e+02  1.040e+02
 6.9200  5.99618e+00  3.538e+00  2.458e+00  0.000e+00  2.458e+00  0.000e+00  0.000e+00  0.000e+00  1.617e+00  6.357e-01  0.000e+00  2.049e-01  2.968e+02 -1.340e+02
 6.9400  5.80239e+00  4.850e+00  9.523e-01  0.000e+00  9.523e-01  0.000e+00  0.000e+00  0.000e+00  3.725e-01  4.138e-02  0.000e+00  5.384e-01  4.068e+02 -1.852e+02
 6.9600  6.09789e+00  2.877e+00  3.221e+00  0.000e+00  3.221e+00  0.000e+00  0.000e+00  0.000e+00  7.416e-01  4.994e-01  0.000e+00  1.980e+00  2.413e+02  6.800e+01
 6.9800  5.92048e+00  1.995e+00  3.925e+00  0.000e+00  3.925e+00  0.000e+00  0.000e+00  0.000e+00  1.192e+00  1.469e+00  0.000e+00  1.264e+00  1.673e+02  3.527e+02
 7.0000  5.69111e+00  3.269e+00  2.423e+00  0.000e+00  2.423e+00  0.000e+00  0.000e+00  0.000e+00  1.012e+00  1.409e+00  0.000e+00  1.515e-03  2.741e+02  3.554e+02
 7.0200  6.03855e+00  4.049e+00  1.990e+00  0.000e+00  1.990e+00  0.000e+00  0.000e+00  0.000e+00  8.894e-02  7.787e-01  0.000e+00  1.122e+00  3.396e+02  3.790e+01
 7.0400  6.07413e+00  3.153e+00  2.922e+00  0.000e+00  2.922e+00  0.000e+00  0.000e+00  0.000e+00  5.747e-01  5.154e-01  0.000e+00  1.831e+00  2.644e+02 -2.128e+02
 7.0600  5.95882e+00  3.678e+00  2.280e+00  0.000e+00  2.280e+00  0.000e+00  0.000e+00  0.000e+00  8.896e-01  7.814e-01  0.000e+00  6.094e-01  3.085e+02 -9.311e+01
 7.0800  5.98770e+00  3.355e+00  2.633e+00  0.000e+00  2.633e+00  0.000e+00  0.000e+00  0.000e+00  7.145e-01  1.761e+00  0.000e+00  1.579e-01  2.814e+02  2.814e+02
 7.1000  6.27224e+00  2.111e+00  4.161e+00  0.000e+00  4.161e+00  0.000e+00  0.000e+00  0.000e+00  8.264e-01  1.485e+00  0.000e+00  1.850e+00  1.771e+02  3.923e+02
 7.1200  6.21179e+00  3.119e+00  3.093e+00  0.000e+00  3.093e+00  0.000e+00  0.000e+00  0.000e+00  8.340e-01  3.853e-01  0.000e+00  1.874e+00  2.616e+02  6.837e+01
 7.1400  5.87038e+00  4.558e+00  1.312e+00  0.000e+00  1.312e+00  0.000e+00  0.000e+00  0.000e+00  1.003e+00  4.830e-02  0.000e+00  2.611e-01  3.823e+02 -2.824e+02
 7.1600  5.87878e+00  3.584e+00  2.294e+00  0.000e+00  2.294e+00  0.000e+00  0.000e+00  0.000e+00  1.360e+00  4.576e-01  0.000e+00  4.771e-01  3.006e+02 -1.789e+02
 7.1800  6.07482e+00  2.577e+00  3.497e+00  0.000e+00  3.497e+00  0.000e+00  0.000e+00  0.000e+00  8.724e-01  9.471e-01  0.000e+00  1.678e+00  2.162e+02  2.149e+02
 7.2000  6.03556e+00  3.021e+00  3.014e+00  0.000e+00  3.014e+00  0.000e+00  0.000e+00  0.000e+00  1.553e+00  4.768e-01  0.000e+00  9.839e-01  2.534e+02  4.046e+02
 7.2200  5.79014e+00  3.510e+00  2.280e+00  0.000e+00  2.280e+00  0.000e+00  0.000e+00  0.000e+00  2.245e+00  8.740e-03  0.000e+00  2.652e-02  2.944e+02  2.117e+02
 7.2400  6.20703e+00  4.209e+00  1.998e+00  0.000e+00  1.998e+00  0.000e+00  0.000e+00  0.000e+00  1.246e-01  2.216e-01  0.000e+00  1.652e+00  3.530e+02 -6.710e+01
 7.2600  6.11654e+00  1.444e+00  4.673e+00  0.000e+00  4.673e+00  0.000e+00  0.000e+00  0.000e+00  2.022e+00  7.217e-01  0.000e+00  1.929e+00  1.211e+02 -1.758e+02
 7.2800  6.08431e+00  3.797e+00  2.287e+00  0.000e+00  2.287e+00  0.000e+00  0.000e+00  0.000e+00  8.801e-01  8.257e-01  0.000e+00  5.812e-01  3.185e+02 -9.084e+01
 7.3000  5.81424e+00  4.630e+00  1.184e+00  0.000e+00  1.184e+00  0.000e+00  0.000e+00  0.000e+00  9.514e-01  7.242e-02  0.000e+00  1.602e-01  3.883e+02  7.552e+01
 7.3200  6.19131e+00  2.078e+00  4.114e+00  0.000e+00  4.114e+00  0.000e+00  0.000e+00  0.000e+00  1.794e+00  3.800e-01  0.000e+00  1.940e+00  1.742e+02  2.391e+02
 7.3400  5.91536e+00  3.377e+00  2.538e+00  0.000e+00  2.538e+00  0.000e+00  0.000e+00  0.000e+00  3.388e-01  9.352e-01  0.000e+00  1.264e+00  2.833e+02  2.554e+02
 7.3600  5.77290e+00  3.185e+00  2.588e+00  0.000e+00  2.588e+00  0.000e+00  0.000e+00  0.000e+00  1.384e+00  1.193e+00  0.000e+00  1.015e-02  2.672e+02  6.466e+01
 7.3800  5.96994e+00  4.086e+00  1.884e+00  0.000e+00  1.884e+00  0.000e+00  0.000e+00  0.000e+00  7.603e-01  2.573e-01  0.000e+00  8.667e-01  3.427e+02 -1.330e+02
 7.4000  6.20088e+00  3.482e+00  2.719e+00  0.000e+00  2.719e+00  0.000e+00  0.000e+00  0.000e+00  2.280e-01  2.086e-01  0.000e+00  2.283e+00  2.920e+02 -1.170e+02
 7.4200  6.10432e+00  3.285e+00  2.819e+00  0.000e+00  2.819e+00  0.000e+00  0.000e+00  0.000e+00  6.172e-01  1.348e+00  0.000e+00  8.542e-01  2.755e+02  1.281e+02
 7.4400  6.03863e+00  2.263e+00  3.776e+00  0.000e+00  3.776e+00  0.000e+00  0.000e+00  0.000e+00  6.080e-01  3.118e+00  0.000e+00  5.016e-02  1.898e+02  3.167e+02
 7.4600  6.20091e+00  3.176e+00  3.025e+00  0.000e+00  3.025e+00  0.000e+00  0.000e+00  0.000e+00  1.709e-01  1.403e+00  0.000e+00  1.451e+00  2.663e+02  2.068e+02
 7.4800  6.18876e+00  3.571e+00  2.618e+00  0.000e+00  2.618e+00  0.000e+00  0.000e+00  0.000e+00  2.525e-01  2.338e-01  0.000e+00  2.131e+00  2.995e+02 -1.540e+02
 7.5000  5.90147e+00  4.296e+00  1.606e+00  0.000e+00  1.606e+00  0.000e+00  0.000e+00  0.000e+00  8.990e-01  2.925e-01  0.000e+00  4.144e-01  3.603e+02 -2.840e+02
 7.5200  5.74504e+00  3.617e+00  2.128e+00  0.000e+00  2.128e+00  0.000e+00  0.000e+00  0.000e+00  5.245e-01  1.365e+00  0.000e+00  2.382e-01  3.034e+02  4.447e+01
 7.5400  6.06493e+00  1.978e+00  4.087e+00  0.000e+00  4.087e+00  0.000e+00  0.000e+00  0.000e+00  8.747e-01  1.550e+00  0.000e+00  1.662e+00  1.659e+02  4.400e+02
 7.5600  6.11625e+00  2.925e+00  3.191e+00  0.000e+00  3.191e+00  0.000e+00  0.000e+00  0.000e+00  1.217e+00  6.212e-01  0.000e+00  1.353e+00  2.453e+02  3.734e+02
 7.5800  5.83207e+00  4.693e+00  1.139e+00  0.000e+00  1.139e+00  0.000e+00  0.000e+00  0.000e+00  1.062e+00  7.410e-02  0.000e+00  2.971e-03  3.936e+02 -7.394e+01
 7.6000  6.16537e+00  3.605e+00  2.560e+00  0.000e+00  2.560e+00  0.000e+00  0.000e+00  0.000e+00  1.037e+00  4.734e-01  0.000e+00  1.049e+00  3.024e+02 -3.245e+02
 7.6200  6.21182e+00  1.901e+00  4.311e+00  0.000e+00  4.311e+00  0.000e+00  0.000e+00  0.000e+00  1.272e+00  1.110e+00  0.000e+00  1.929e+00  1.594e+02 -9.508e+01
 7.6400  6.08022e+00  4.352e+00  1.728e+00  0.000e+00  1.728e+00  0.000e+00  0.000e+00  0.000e+00  4.173e-01  7.776e-01  0.000e+00  5.332e-01  3.650e+02  2.051e+02
 7.6600  5.90085e+00  3.356e+00  2.544e+00  0.000e+00  2.544e+00  0.000e+00  0.000e+00  0.000e+00  2.328e+00  7.777e-02  0.000e+00  1.389e-01  2.815e+02  1.182e+02
 7.6800  6.12827e+00  2.032e+00  4.096e+00  0.000e+00  4.096e+00  0.000e+00  0.000e+00  0.000e+00  2.021e+00  5.695e-01  0.000e+00  1.506e+00  1.704e+02 -1.073e+01
 7.7000  6.00041e+00  3.781e+00  2.219e+00  0.000e+00  2.219e+00  0.000e+00  0.000e+00  0.000e+00  3.384e-01  8.286e-01  0.000e+00  1.052e+00  3.171e+02  6.270e+01
 7.7200  5.84851e+00  4.015e+00  1.834e+00  0.000e+00  1.834e+00  0.000e+00  0.000e+00  0.000e+00  1.307e+00  5.244e-01  0.000e+00  2.851e-03  3.367e+02  1.890e+02
 7.7400  5.98947e+00  3.268e+00  2.721e+00  0.000e+00  2.721e+00  0.000e+00  0.000e+00  0.000e+00  1.802e+00  3.323e-02  0.000e+00  8.862e-01  2.741e+02  1.507e+02
 7.7600  6.26486e+00  2.545e+00  3.720e+00  0.000e+00  3.720e+00  0.000e+00  0.000e+00  0.000e+00  1.520e+00  2.565e-01  0.000e+00  1.943e+00  2.134e+02 -1.988e+01
 7.7800  6.08804e+00  4.130e+00  1.958e+00  0.000e+00  1.958e+00  0.000e+00  0.000e+00  0.000e+00  4.143e-01  9.114e-01  0.000e+00  6.325e-01  3.464e+02 -2.351e+01
 7.8000  6.03442e+00  3.518e+00  2.517e+00  0.000e+00  2.517e+00  0.000e+00  0.000e+00  0.000e+00  1.147e+00  1.279e+00  0.000e+00  9.091e-02  2.950e+02  1.501e+02
 7.8200  6.12896e+00  2.009e+00  4.120e+00  0.000e+00  4.120e+00  0.000e+00  0.000e+00  0.000e+00  2.632e+00  2.252e-01  0.000e+00  1.262e+00  1.685e+02  1.884e+02
 7.8400  6.12681e+00  3.169e+00  2.957e+00  0.000e+00  2.957e+00  0.000e+00  0.000e+00  0.000e+00  1.157e+00  2.685e-01  0.000e+00  1.532e+00  2.658e+02 -2.300e+01
 7.8600  5.80663e+00  4.835e+00  9.713e-01  0.000e+00  9.713e-01  0.000e+00  0.000e+00  0.000e+00  2.515e-01  5.681e-01  0.000e+00  1.517e-01  4.055e+02 -1.065e+02
 7.8800  5.86762e+00  3.213e+00  2.655e+00  0.000e+00  2.655e+00  0.000e+00  0.000e+00  0.000e+00  1.196e+00  9.561e-01  0.000e+00  5.022e-01  2.695e+02  1.593e+02
 7.9000  6.16581e+00  1.268e+00  4.898e+00  0.000e+00  4.898e+00  0.000e+00  0.000e+00  0.000e+00  2.734e+00  6.056e-01  0.000e+00  1.558e+00  1.063e+02  4.209e+02
 7.9200  6.06823e+00  4.401e+00  1.667e+00  0.000e+00  1.667e+00  0.000e+00  0.000e+00  0.000e+00  8.044e-01  1.274e-01  0.000e+00  7.354e-01  3.691e+02  2.317e+02
 7.9400  5.97313e+00  5.207e+00  7.659e-01  0.000e+00  7.659e-01  0.000e+00  0.000e+00  0.000e+00  5.963e-01  1.277e-01  0.000e+00  4.187e-02  4.367e+02 -1.786e+02
 7.9600  6.17870e+00  2.445e+00  3.734e+00  0.000e+00  3.734e+00  0.000e+00  0.000e+00  0.000e+00  2.161e+00  3.721e-01  0.000e+00  1.201e+00  2.051e+02 -2.314e+02
 7.9800  6.20951e+00  1.599e+00  4.611e+00  0.000e+00  4.611e+00  0.000e+00  0.000e+00  0.000e+00  2.243e+00  6.056e-01  0.000e+00  1.761e+00  1.341e+02  1.435e+02
 8.0000  6.01601e+00  4.336e+00  1.680e+00  0.000e+00  1.680e+00  0.000e+00  0.000e+00  0.000e+00  9.545e-01  2.484e-01  0.000e+00  4.767e-01  3.637e+02  3.988e+02
 8.0200  5.86966e+00  4.927e+00  9.428e-01  0.000e+00  9.423e-01  4.640e-04  0.000e+00  0.000e+00  6.414e-01  9.580e-02  0.000e+00  2.051e-01  4.132e+02  2.282e+02
 8.0400  6.17491e+00  2.912e+00  3.263e+00  0.000e+00  3.243e+00  1.969e-02  0.000e+00  0.000e+00  1.009e+00  7.214e-01  0.000e+00  1.513e+00  2.442e+02  2.385e+02
 8.0600  6.12642e+00  2.938e+00  3.188e+00  0.000e+00  3.188e+00  0.000e+00  0.000e+00  0.000e+00  1.099e+00  9.714e-01  0.000e+00  1.117e+00  2.464e+02 -6.753e+01
 8.0800  6.05597e+00  3.567e+00  2.489e+00  0.000e+00  2.489e+00  0.000e+00  0.000e+00  0.000e+00  1.462e+00  1.011e+00  0.000e+00  1.658e-02  2.991e+02  2.416e+01
 8.1000  6.15738e+00  4.758e+00  1.399e+00  0.000e+00  1.399e+00  0.000e+00  0.000e+00  0.000e+00  1.249e-02  5.122e-01  0.000e+00  8.743e-01  3.991e+02  7.127e+01
 8.1200  6.34568e+00  2.736e+00  3.610e+00  0.000e+00  3.610e+00  0.000e+00  0.000e+00  0.000e+00  1.347e+00  2.498e-01  0.000e+00  2.014e+00  2.294e+02 -3.032e+01
 8.1400  6.12709e+00  2.672e+00  3.455e+00  0.000e+00  3.455e+00  0.000e+00  0.000e+00  0.000e+00  1.344e+00  1.058e+00  0.000e+00  1.053e+00  2.241e+02 -1.784e+01
 8.1600  6.05725e+00  4.245e+00  1.812e+00  0.000e+00  1.812e+00  0.000e+00  0.000e+00  0.000e+00  6.083e-01  1.202e+00  0.000e+00  2.055e-03  3.560e+02  2.184e+02
 8.1800  6.15513e+00  3.323e+00  2.832e+00  0.000e+00  2.832e+00  0.000e+00  0.000e+00  0.000e+00  9.909e-01  8.440e-01  0.000e+00  9.972e-01  2.787e+02  3.164e+02
 8.2000  6.25332e+00  3.574e+00  2.679e+00  0.000e+00  2.679e+00  0.000e+00  0.000e+00  0.000e+00  6.697e-01  6.019e-01  0.000e+00  1.408e+00  2.997e+02  8.891e+01
 8.2200  6.00152e+00  3.697e+00  2.304e+00  0.000e+00  2.304e+00  0.000e+00  0.000e+00  0.000e+00  1.224e+00  8.034e-01  0.000e+00  2.765e-01  3.101e+02 -1.452e+02
 8.2400  5.91945e+00  3.643e+00  2.276e+00  0.000e+00  2.276e+00  0.000e+00  0.000e+00  0.000e+00  3.427e-01  1.533e+00  0.000e+00  4.005e-01  3.056e+02  4.255e+01
 8.2600  6.18319e+00  2.048e+00  4.136e+00  0.000e+00  4.136e+00  0.000e+00  0.000e+00  0.000e+00  5.066e-01  1.911e+00  0.000e+00  1.718e+00  1.717e+02  3.271e+02
 8.2800  6.09840e+00  3.407e+00  2.692e+00  0.000e+00  2.692e+00  0.000e+00  0.000e+00  0.000e+00  6.768e-01  7.420e-01  0.000e+00  1.273e+00  2.857e+02  1.761e+02
 8.3000  5.98025e+00  4.639e+00  1.341e+00  0.000e+00  1.341e+00  0.000e+00  0.000e+00  0.000e+00  1.058e+00  2.109e-01  0.000e+00  7.163e-02  3.891e+02 -2.823e+02
 8.3200  6.21480e+00  3.958e+00  2.256e+00  0.000e+00  2.256e+00  0.000e+00  0.000e+00  0.000e+00  6.297e-01  9.123e-01  0.000e+00  7.144e-01  3.320e+02 -3.021e+02
 8.3400  6.31714e+00  2.391e+00  3.926e+00  0.000e+00  3.926e+00  0.000e+00  0.000e+00  0.000e+00  9.521e-01  1.323e+00  0.000e+00  1.651e+00  2.005e+02  2.487e+02
 8.3600  6.14809e+00  2.755e+00  3.393e+00  0.000e+00  3.393e+00  0.000e+00  0.000e+00  0.000e+00  2.254e+00  5.468e-01  0.000e+00  5.926e-01  2.311e+02  6.052e+02
 8.3800  5.86896e+00  4.701e+00  1.168e+00  0.000e+00  1.168e+00  0.000e+00  0.000e+00  0.000e+00  1.024e+00  5.304e-03  0.000e+00  1.390e-01  3.942e+02  2.676e+02
 8.4000  6.05732e+00  3.511e+00  2.546e+00  0.000e+00  2.546e+00  0.000e+00  0.000e+00  0.000e+00  5.552e-01  3.207e-01  0.000e+00  1.670e+00  2.945e+02 -2.847e+02
 8.4200  6.07048e+00  2.126e+00  3.944e+00  0.000e+00  3.944e+00  0.000e+00  0.000e+00  0.000e+00  1.316e+00  1.147e+00  0.000e+00  1.481e+00  1.783e+02 -3.327e+02
 8.4400  6.04909e+00  3.313e+00  2.736e+00  0.000e+00  2.736e+00  0.000e+00  0.000e+00  0.000e+00  6.070e-01  1.909e+00  0.000e+00  2.198e-01  2.779e+02  8.693e+01
 8.4600  6.13489e+00  4.648e+00  1.487e+00  0.000e+00  1.487e+00  0.000e+00  0.000e+00  0.000e+00  6.911e-01  3.750e-01  0.000e+00  4.206e-01  3.898e+02  3.305e+02
 8.4800  6.39203e+00  2.775e+00  3.617e+00  0.000e+00  3.617e+00  0.000e+00  0.000e+00  0.000e+00  1.202e+00  5.619e-01  0.000e+00  1.854e+00  2.327e+02  1.255e+02
 8.5000  6.07117e+00  3.181e+00  2.890e+00  0.000e+00  2.890e+00  0.000e+00  0.000e+00  0.000e+00  6.166e-01  1.330e+00  0.000e+00  9.431e-01  2.668e+02 -8.010e+01
 8.5200  5.95840e+00  3.541e+00  2.417e+00  0.000e+00  2.417e+00  0.000e+00  0.000e+00  0.000e+00  1.344e+00  1.072e+00  0.000e+00  1.007e-03  2.970e+02  4.508e+01
 8.5400  5.97929e+00  3.964e+00  2.016e+00  0.000e+00  2.016e+00  0.000e+00  0.000e+00  0.000e+00  8.693e-01  1.979e-01  0.000e+00  9.484e-01  3.324e+02  2.268e+02
 8.5600  6.21876e+00  4.092e+00  2.127e+00  0.000e+00  2.127e+00  0.000e+00  0.000e+00  0.000e+00  2.064e-01  1.959e-01  0.000e+00  1.724e+00  3.432e+02  9.920e+01
 8.5800  6.03651e+00  2.880e+00  3.157e+00  0.000e+00  3.157e+00  0.000e+00  0.000e+00  0.000e+00  1.217e+00  1.536e+00  0.000e+00  4.032e-01  2.415e+02 -1.343e+02
 8.6000  5.99684e+00  2.699e+00  3.298e+00  0.000e+00  3.298e+00  0.000e+00  0.000e+00  0.000e+00  2.251e-01  2.872e+00  0.000e+00  2.015e-01  2.263e+02 -4.473e+01
 8.6200  6.20540e+00  3.047e+00  3.158e+00  0.000e+00  3.158e+00  0.000e+00  0.000e+00  0.000e+00  4.218e-01  1.268e+00  0.000e+00  1.469e+00  2.556e+02  2.316e+02
 8.6400  6.09600e+00  3.905e+00  2.191e+00  0.000e+00  2.191e+00  0.000e+00  0.000e+00  0.000e+00  6.984e-01  2.509e-02  0.000e+00  1.468e+00  3.275e+02  1.569e+02
 8.6600  5.90943e+00  4.209e+00  1.700e+00  0.000e+00  1.700e+00  0.000e+00  0.000e+00  0.000e+00  9.683e-01  6.448e-01  0.000e+00  8.727e-02  3.530e+02 -1.611e+02
 8.6800  6.10656e+00  3.138e+00  2.969e+00  0.000e+00  2.969e+00  0.000e+00  0.000e+00  0.000e+00  3.336e-01  2.040e+00  0.000e+00  5.950e-01  2.631e+02 -1.062e+02
 8.7000  6.34174e+00  2.524e+00  3.818e+00  0.000e+00  3.818e+00  0.000e+00  0.000e+00  0.000e+00  5.910e-01  1.540e+00  0.000e+00  1.687e+00  2.117e+02  3.692e+02
 8.7200  6.24804e+00  3.592e+00  2.656e+00  0.000e+00  2.656e+00  0.000e+00  0.000e+00  0.000e+00  1.466e+00  3.946e-01  0.000e+00  7.958e-01  3.013e+02  5.118e+02
 8.7400  5.95187e+00  5.053e+00  8.984e-01  0.000e+00  8.984e-01  0.000e+00  0.000e+00  0.000e+00  5.060e-01  3.524e-01  0.000e+00  3.997e-02  4.238e+02 -5.025e+00
 8.7600  5.99593e+00  2.612e+00  3.384e+00  0.000e+00  3.384e+00  0.000e+00  0.000e+00  0.000e+00  1.438e+00  7.736e-01  0.000e+00  1.173e+00  2.190e+02 -5.042e+02
 8.7800  6.04740e+00  2.658e+00  3.389e+00  0.000e+00  3.389e+00  0.000e+00  0.000e+00  0.000e+00  8.641e-01  8.692e-01  0.000e+00  1.656e+00  2.229e+02 -2.449e+02
 8.8000  5.95362e+00  3.632e+00  2.321e+00  0.000e+00  2.321e+00  0.000e+00  0.000e+00  0.000e+00  1.445e+00  3.965e-01  0.000e+00  4.798e-01  3.046e+02  4.173e+02
 8.8200  5.99972e+00  3.679e+00  2.321e+00  0.000e+00  2.321e+00  0.000e+00  0.000e+00  0.000e+00  2.078e+00  2.978e-03  0.000e+00  2.403e-01  3.085e+02  5.643e+02
 8.8400  6.29087e+00  3.307e+00  2.984e+00  0.000e+00  2.984e+00  0.000e+00  0.000e+00  0.000e+00  2.466e-01  1.188e+00  0.000e+00  1.549e+00  2.773e+02  8.301e+01
 8.8600  6.15456e+00  2.517e+00  3.637e+00  0.000e+00  3.637e+00  0.000e+00  0.000e+00  0.000e+00  7.963e-01  1.782e+00  0.000e+00  1.059e+00  2.111e+02 -2.695e+02
 8.8800  6.01748e+00  4.399e+00  1.618e+00  0.000e+00  1.618e+00  0.000e+00  0.000e+00  0.000e+00  1.138e+00  4.724e-01  0.000e+00  8.401e-03  3.690e+02  5.705e+00
 8.9000  5.97241e+00  4.008e+00  1.964e+00  0.000e+00  1.964e+00  0.000e+00  0.000e+00  0.000e+00  6.849e-01  3.245e-01  0.000e+00  9.547e-01  3.362e+02  3.475e+02
 8.9200  6.20324e+00  3.021e+00  3.182e+00  0.000e+00  3.182e+00  0.000e+00  0.000e+00  0.000e+00  6.434e-01  5.818e-01  0.000e+00  1.957e+00  2.534e+02  1.689e+02
 8.9400  5.95717e+00  2.410e+00  3.547e+00  0.000e+00  3.547e+00  0.000e+00  0.000e+00  0.000e+00  1.621e+00  1.142e+00  0.000e+00  7.837e-01  2.022e+02 -1.958e+02
 8.9600  5.93730e+00  3.821e+00  2.116e+00  0.000e+00  2.116e+00  0.000e+00  0.000e+00  0.000e+00  1.159e+00  9.262e-01  0.000e+00  3.090e-02  3.205e+02 -1.106e+02
 8.9800  6.20126e+00  3.497e+00  2.704e+00  0.000e+00  2.704e+00  0.000e+00  0.000e+00  0.000e+00  1.140e+00  4.361e-01  0.000e+00  1.128e+00  2.933e+02  2.572e+02
 9.0000  6.15569e+00  3.851e+00  2.305e+00  0.000e+00  2.305e+00  0.000e+00  0.000e+00  0.000e+00  6.292e-01  3.941e-01  0.000e+00  1.282e+00  3.230e+02  3.305e+02
 9.0200  5.98254e+00  3.720e+00  2.262e+00  0.000e+00  2.262e+00  0.000e+00  0.000e+00  0.000e+00  7.895e-01  1.331e+00  0.000e+00  1.419e-01  3.120e+02  3.368e+01
 9.0400  6.08231e+00  2.942e+00  3.140e+00  0.000e+00  3.140e+00  0.000e+00  0.000e+00  0.000e+00  1.030e+00  1.543e+00  0.000e+00  5.681e-01  2.467e+02 -2.042e+01
 9.0600  6.35324e+00  2.941e+00  3.412e+00  0.000e+00  3.412e+00  0.000e+00  0.000e+00  0.000e+00  2.612e-01  1.202e+00  0.000e+00  1.949e+00  2.466e+02  2.352e+02
 9.0800  6.27119e+00  3.837e+00  2.434e+00  0.000e+00  2.434e+00  0.000e+00  0.000e+00  0.000e+00  4.877e-01  7.286e-01  0.000e+00  1.217e+00  3.218e+02  2.421e+02
 9.1000  6.01826e+00  4.267e+00  1.751e+00  0.000e+00  1.751e+00  0.000e+00  0.000e+00  0.000e+00  1.029e+00  6.890e-01  0.000e+00  3.330e-02  3.579e+02 -1.999e+02
 9.1200  6.04088e+00  3.016e+00  3.025e+00  0.000e+00  3.025e+00  0.000e+00  0.000e+00  0.000e+00  1.382e+00  8.442e-01  0.000e+00  7.985e-01  2.529e+02 -4.012e+02
 9.1400  6.16175e+00  3.172e+00  2.990e+00  0.000e+00  2.990e+00  0.000e+00  0.000e+00  0.000e+00  2.690e-02  1.294e+00  0.000e+00  1.669e+00  2.660e+02  9.673e+01
 9.1600  5.91413e+00  2.786e+00  3.128e+00  0.000e+00  3.128e+00  0.000e+00  0.000e+00  0.000e+00  2.185e+00  4.661e-01  0.000e+00  4.774e-01  2.336e+02  6.654e+02
 9.1800  5.95209e+00  4.278e+00  1.674e+00  0.000e+00  1.674e+00  0.000e+00  0.000e+00  0.000e+00  1.448e+00  2.571e-02  0.000e+00  2.003e-01  3.588e+02  4.852e+02
 9.2000  6.23642e+00  3.279e+00  2.957e+00  0.000e+00  2.957e+00  0.000e+00  0.000e+00  0.000e+00  5.861e-01  6.685e-01  0.000e+00  1.702e+00  2.750e+02 -2.111e+02
 9.2200  6.24332e+00  2.723e+00  3.521e+00  0.000e+00  3.521e+00  0.000e+00  0.000e+00  0.000e+00  1.357e+00  7.602e-01  0.000e+00  1.403e+00  2.284e+02 -4.592e+02
 9.2400  6.13429e+00  4.323e+00  1.811e+00  0.000e+00  1.811e+00  0.000e+00  0.000e+00  0.000e+00  2.908e-01  1.391e+00  0.000e+00  1.295e-01  3.626e+02  3.773e+01
 9.2600  6.09484e+00  3.013e+00  3.082e+00  0.000e+00  3.082e+00  0.000e+00  0.000e+00  0.000e+00  1.576e+00  9.182e-01  0.000e+00  5.876e-01  2.527e+02  4.854e+02
 9.2800  6.24139e+00  3.080e+00  3.161e+00  0.000e+00  3.161e+00  0.000e+00  0.000e+00  0.000e+00  7.588e-01  4.886e-01  0.000e+00  1.914e+00  2.583e+02  2.189e+02
 9.3000  5.86213e+00  3.336e+00  2.526e+00  0.000e+00  2.526e+00  0.000e+00  0.000e+00  0.000e+00  5.162e-01  1.089e+00  0.000e+00  9.206e-01  2.798e+02 -2.672e+02
 9.3200  5.84704e+00  3.717e+00  2.130e+00  0.000e+00  2.130e+00  0.000e+00  0.000e+00  0.000e+00  1.122e+00  1.003e+00  0.000e+00  4.854e-03  3.118e+02 -1.795e+02
 9.3400  6.14287e+00  3.515e+00  2.628e+00  0.000e+00  2.628e+00  0.000e+00  0.000e+00  0.000e+00  1.450e+00  2.117e-01  0.000e+00  9.661e-01  2.948e+02  3.204e+02
 9.3600  6.33018e+00  3.716e+00  2.614e+00  0.000e+00  2.614e+00  0.000e+00  0.000e+00  0.000e+00  7.665e-01  2.687e-01  0.000e+00  1.579e+00  3.117e+02  4.254e+02
 9.3800  6.12440e+00  4.173e+00  1.952e+00  0.000e+00  1.952e+00  0.000e+00  0.000e+00  0.000e+00  6.465e-01  1.095e+00  0.000e+00  2.102e-01  3.500e+02  8.482e+00
 9.4000  6.19251e+00  2.455e+00  3.737e+00  0.000e+00  3.737e+00  0.000e+00  0.000e+00  0.000e+00  9.808e-01  2.301e+00  0.000e+00  4.558e-01  2.059e+02 -2.438e+02
 9.4200  6.33062e+00  2.836e+00  3.494e+00  0.000e+00  3.494e+00  0.000e+00  0.000e+00  0.000e+00  1.930e-01  1.456e+00  0.000e+00  1.845e+00  2.379e+02 -4.982e+00
 9.4400  6.25370e+00  3.664e+00  2.589e+00  0.000e+00  2.589e+00  0.000e+00  0.000e+00  0.000e+00  3.485e-01  5.386e-01  0.000e+00  1.702e+00  3.073e+02  1.704e+02
 9.4600  5.92790e+00  4.392e+00  1.536e+00  0.000e+00  1.536e+00  0.000e+00  0.000e+00  0.000e+00  4.402e-01  9.245e-01  0.000e+00  1.714e-01  3.683e+02 -3.808e+01
 9.4800  5.92464e+00  2.534e+00  3.390e+00  0.000e+00  3.390e+00  0.000e+00  0.000e+00  0.000e+00  9.052e-01  2.001e+00  0.000e+00  4.836e-01  2.126e+02 -1.264e+02
 9.5000  6.18730e+00  2.242e+00  3.945e+00  0.000e+00  3.945e+00  0.000e+00  0.000e+00  0.000e+00  5.906e-01  1.850e+00  0.000e+00  1.505e+00  1.881e+02  2.406e+02
 9.5200  6.00574e+00  4.132e+00  1.874e+00  0.000e+00  1.874e+00  0.000e+00  0.000e+00  0.000e+00  1.008e+00  3.050e-01  0.000e+00  5.605e-01  3.466e+02  5.074e+02
 9.5400  5.99465e+00  5.113e+00  8.817e-01  0.000e+00  8.817e-01  0.000e+00  0.000e+00  0.000e+00  5.679e-01  1.621e-01  0.000e+00  1.516e-01  4.288e+02  1.589e+02
 9.5600  6.24567e+00  2.402e+00  3.843e+00  0.000e+00  3.843e+00  0.000e+00  0.000e+00  0.000e+00  1.382e+00  9.122e-01  0.000e+00  1.549e+00  2.015e+02 -4.168e+02
 9.5800  6.32651e+00  2.533e+00  3.794e+00  0.000e+00  3.794e+00  0.000e+00  0.000e+00  0.000e+00  7.592e-01  1.123e+00  0.000e+00  1.911e+00  2.124e+02 -3.731e+02
 9.6000  6.16032e+00  3.963e+00  2.197e+00  0.000e+00  2.197e+00  0.000e+00  0.000e+00  0.000e+00  8.109e-01  8.279e-01  0.000e+00  5.581e-01  3.324e+02  2.611e+02
 9.6200  6.06206e+00  3.292e+00  2.771e+00  0.000e+00  2.771e+00  0.000e+00  0.000e+00  0.000e+00  2.135e+00  4.200e-01  0.000e+00  2.158e-01  2.761e+02  5.635e+02
 9.6400  6.19990e+00  3.579e+00  2.621e+00  0.000e+00  2.621e+00  0.000e+00  0.000e+00  0.000e+00  5.894e-01  5.273e-01  0.000e+00  1.504e+00  3.002e+02  1.425e+02
 9.6600  6.00929e+00  2.278e+00  3.731e+00  0.000e+00  3.731e+00  0.000e+00  0.000e+00  0.000e+00  7.747e-01  1.871e+00  0.000e+00  1.086e+00  1.911e+02 -3.304e+02
 9.6800  5.81834e+00  4.744e+00  1.074e+00  0.000e+00  1.074e+00  0.000e+00  0.000e+00  0.000e+00  4.522e-01  6.161e-01  0.000e+00  6.022e-03  3.979e+02 -8.851e+01
 9.7000  6.08215e+00  3.656e+00  2.426e+00  0.000e+00  2.426e+00  0.000e+00  0.000e+00  0.000e+00  1.335e+00  2.908e-02  0.000e+00  1.063e+00  3.066e+02  4.690e+02
 9.7200  6.44409e+00  2.819e+00  3.625e+00  0.000e+00  3.625e+00  0.000e+00  0.000e+00  0.000e+00  1.001e+00  5.380e-01  0.000e+00  2.087e+00  2.364e+02  4.301e+02
 9.7400  6.22739e+00  3.635e+00  2.592e+00  0.000e+00  2.592e+00  0.000e+00  0.000e+00  0.000e+00  6.485e-01  1.264e+00  0.000e+00  6.794e-01  3.049e+02 -1.669e+02
 9.7600  6.15202e+00  3.233e+00  2.919e+00  0.000e+00  2.919e+00  0.000e+00  0.000e+00  0.000e+00  1.983e+00  8.812e-01  0.000e+00  5.501e-02  2.712e+02 -4.166e+02
 9.7800  6.22565e+00  3.611e+00  2.614e+00  0.000e+00  2.614e+00  0.000e+00  0.000e+00  0.000e+00  1.088e+00  2.239e-01  0.000e+00  1.302e+00  3.029e+02 -2.281e+01
 9.8000  6.27173e+00  3.468e+00  2.804e+00  0.000e+00  2.804e+00  0.000e+00  0.000e+00  0.000e+00  1.035e+00  1.003e-01  0.000e+00  1.668e+00  2.909e+02  4.150e+02
 9.8200  5.85792e+00  3.991e+00  1.867e+00  0.000e+00  1.867e+00  0.000e+00  0.000e+00  0.000e+00  4.820e-01  1.083e+00  0.000e+00  3.019e-01  3.347e+02  3.175e+02
 9.8400  5.76287e+00  2.477e+00  3.286e+00  0.000e+00  3.286e+00  0.000e+00  0.000e+00  0.000e+00  9.597e-01  1.890e+00  0.000e+00  4.362e-01  2.077e+02  4.225e+01
 9.8600  6.18264e+00  2.624e+00  3.558e+00  0.000e+00  3.558e+00  0.000e+00  0.000e+00  0.000e+00  3.375e-01  1.471e+00  0.000e+00  1.750e+00  2.201e+02  6.824e+01
 9.8800  6.11795e+00  4.592e+00  1.526e+00  0.000e+00  1.526e+00  0.000e+00  0.000e+00  0.000e+00  3.419e-01  2.117e-01  0.000e+00  9.728e-01  3.851e+02  1.940e+02
 9.9000  6.09987e+00  4.414e+00  1.686e+00  0.000e+00  1.686e+00  0.000e+00  0.000e+00  0.000e+00  6.109e-01  1.075e+00  0.000e+00  3.835e-04  3.702e+02 -1.034e+01
 9.9200  6.28383e+00  2.788e+00  3.496e+00  0.000e+00  3.496e+00  0.000e+00  0.000e+00  0.000e+00  1.494e+00  9.057e-01  0.000e+00  1.096e+00  2.338e+02 -2.881e+02
 9.9400  6.36857e+00  2.173e+00  4.196e+00  0.000e+00  4.196e+00  0.000e+00  0.000e+00  0.000e+00  9.673e-01  1.115e+00  0.000e+00  2.114e+00  1.822e+02 -1.017e+02
 9.9600  6.11644e+00  3.816e+00  2.301e+00  0.000e+00  2.301e+00  0.000e+00  0.000e+00  0.000e+00  8.388e-01  5.693e-01  0.000e+00  8.928e-01  3.200e+02  4.131e+02
 9.9800  5.91890e+00  4.577e+00  1.342e+00  0.000e+00  1.342e+00  0.000e+00  0.000e+00  0.000e+00  1.311e+00  8.373e-03  0.000e+00  2.292e-02  3.838e+02  5.210e+02
10.0000  6.07054e+00  2.842e+00  3.229e+00  0.000e+00  3.229e+00  0.000e+00  0.000e+00  0.000e+00  9.854e-01  9.872e-01  0.000e+00  1.256e+00  2.384e+02  1.701e+01
