#
# INPUTFILE C:\Users\mario\Documents\Code\Python\main_env\Dalton\input\md\ethane.md
#
# -- INPUT DATA --
#
# MOLFILE C:\Users\mario\Documents\Code\Python\main_env\Dalton\geom\prm\ethane.prm
# ENERGYOUT C:\Users\mario\Documents\Code\Python\main_env\Dalton\output\md\ethane.dat
# GEOMOUT C:\Users\mario\Documents\Code\Python\main_env\Dalton\output\md\ethane.xyz
# RANDOMSEED 3435445132
# TEMPERATURE 298.150000 K
# BOUNDARY 10.000000 A
# BOUNDARYSPRING 250.000000 kcal/(mol*A^2)
# BOUNDARYTYPE sphere
# STATUSTIME 5.000000 s
# ENERGYTIME 0.001000 ps
# GEOMTIME 0.001000 ps
# TOTALTIME 0.500000 ps
# TIMESTEP 0.000100 ps
# EQTIME 0.000000 ps
# EQRATE 0.500000 ps
#
# -- ENERGY DATA --
#
# energy terms [kcal/mol]
#  time      e_total      e_kin      e_pot  e_nonbond   e_bonded e_boundary      e_vdw     e_elst     e_bond    e_angle     e_tors      e_oop       temp      press
 0.0000  7.39444e+00  7.110e+00  2.846e-01  0.000e+00  2.846e-01  0.000e+00  0.000e+00  0.000e+00  9.563e-02  1.886e-01  4.173e-04  0.000e+00  3.085e+01  0.000e+00
 0.0010  2.87252e+01  2.616e+01  2.568e+00  0.000e+00  2.568e+00  0.000e+00  0.000e+00  0.000e+00  1.619e+00  9.344e-01  1.517e-02  0.000e+00  1.097e+03  3.915e+02
 0.0020  2.87276e+01  2.085e+01  7.874e+00  0.000e+00  7.874e+00  0.000e+00  0.000e+00  0.000e+00  4.228e+00  3.596e+00  4.992e-02  0.000e+00  8.745e+02  4.573e+02
 0.0030  2.87287e+01  1.605e+01  1.268e+01  0.000e+00  1.268e+01  0.000e+00  0.000e+00  0.000e+00  5.113e+00  7.476e+00  9.385e-02  0.000e+00  6.729e+02  5.345e+02
 0.0040  2.87280e+01  1.348e+01  1.525e+01  0.000e+00  1.525e+01  0.000e+00  0.000e+00  0.000e+00  3.616e+00  1.150e+01  1.356e-01  0.000e+00  5.651e+02  6.081e+02
 0.0050  2.87269e+01  1.221e+01  1.651e+01  0.000e+00  1.651e+01  0.000e+00  0.000e+00  0.000e+00  1.773e+00  1.457e+01  1.659e-01  0.000e+00  5.122e+02  6.592e+02
 0.0060  2.87272e+01  1.080e+01  1.793e+01  0.000e+00  1.793e+01  0.000e+00  0.000e+00  0.000e+00  1.822e+00  1.592e+01  1.789e-01  0.000e+00  4.530e+02  6.731e+02
 0.0070  2.87287e+01  9.656e+00  1.907e+01  0.000e+00  1.907e+01  0.000e+00  0.000e+00  0.000e+00  3.644e+00  1.526e+01  1.720e-01  0.000e+00  4.049e+02  6.453e+02
 0.0080  2.87294e+01  1.080e+01  1.793e+01  0.000e+00  1.793e+01  0.000e+00  0.000e+00  0.000e+00  4.993e+00  1.279e+01  1.468e-01  0.000e+00  4.529e+02  5.847e+02
 0.0090  2.87282e+01  1.527e+01  1.346e+01  0.000e+00  1.346e+01  0.000e+00  0.000e+00  0.000e+00  4.126e+00  9.220e+00  1.100e-01  0.000e+00  6.405e+02  5.101e+02
 0.0100  2.87260e+01  2.131e+01  7.421e+00  0.000e+00  7.421e+00  0.000e+00  0.000e+00  0.000e+00  1.783e+00  5.565e+00  7.336e-02  0.000e+00  8.934e+02  4.434e+02
 0.0110  2.87246e+01  2.549e+01  3.239e+00  0.000e+00  3.239e+00  0.000e+00  0.000e+00  0.000e+00  2.873e-01  2.901e+00  5.079e-02  0.000e+00  1.069e+03  4.002e+02
 0.0120  2.87253e+01  2.573e+01  2.993e+00  0.000e+00  2.993e+00  0.000e+00  0.000e+00  0.000e+00  9.209e-01  2.019e+00  5.338e-02  0.000e+00  1.079e+03  3.825e+02
 0.0130  2.87270e+01  2.289e+01  5.838e+00  0.000e+00  5.838e+00  0.000e+00  0.000e+00  0.000e+00  2.633e+00  3.120e+00  8.479e-02  0.000e+00  9.599e+02  3.768e+02
 0.0140  2.87281e+01  1.945e+01  9.279e+00  0.000e+00  9.279e+00  0.000e+00  0.000e+00  0.000e+00  3.422e+00  5.718e+00  1.386e-01  0.000e+00  8.156e+02  3.586e+02
 0.0150  2.87279e+01  1.706e+01  1.167e+01  0.000e+00  1.167e+01  0.000e+00  0.000e+00  0.000e+00  2.598e+00  8.868e+00  2.005e-01  0.000e+00  7.155e+02  3.037e+02
 0.0160  2.87273e+01  1.553e+01  1.320e+01  0.000e+00  1.320e+01  0.000e+00  0.000e+00  0.000e+00  1.369e+00  1.158e+01  2.551e-01  0.000e+00  6.511e+02  1.998e+02
 0.0170  2.87274e+01  1.399e+01  1.474e+01  0.000e+00  1.474e+01  0.000e+00  0.000e+00  0.000e+00  1.316e+00  1.313e+01  2.908e-01  0.000e+00  5.866e+02  5.632e+01
 0.0180  2.87283e+01  1.260e+01  1.613e+01  0.000e+00  1.613e+01  0.000e+00  0.000e+00  0.000e+00  2.558e+00  1.327e+01  3.023e-01  0.000e+00  5.283e+02 -9.443e+01
 0.0190  2.87289e+01  1.265e+01  1.608e+01  0.000e+00  1.608e+01  0.000e+00  0.000e+00  0.000e+00  3.632e+00  1.216e+01  2.903e-01  0.000e+00  5.303e+02 -2.057e+02
 0.0200  2.87282e+01  1.498e+01  1.375e+01  0.000e+00  1.375e+01  0.000e+00  0.000e+00  0.000e+00  3.188e+00  1.030e+01  2.614e-01  0.000e+00  6.281e+02 -2.313e+02
 0.0210  2.87266e+01  1.859e+01  1.014e+01  0.000e+00  1.014e+01  0.000e+00  0.000e+00  0.000e+00  1.610e+00  8.301e+00  2.259e-01  0.000e+00  7.796e+02 -1.424e+02
 0.0220  2.87256e+01  2.119e+01  7.534e+00  0.000e+00  7.534e+00  0.000e+00  0.000e+00  0.000e+00  6.603e-01  6.680e+00  1.933e-01  0.000e+00  8.887e+02  5.984e+01
 0.0230  2.87260e+01  2.130e+01  7.426e+00  0.000e+00  7.426e+00  0.000e+00  0.000e+00  0.000e+00  1.489e+00  5.767e+00  1.703e-01  0.000e+00  8.932e+02  3.417e+02
 0.0240  2.87272e+01  1.957e+01  9.161e+00  0.000e+00  9.161e+00  0.000e+00  0.000e+00  0.000e+00  3.319e+00  5.682e+00  1.599e-01  0.000e+00  8.205e+02  6.438e+02
 0.0250  2.87279e+01  1.786e+01  1.087e+01  0.000e+00  1.087e+01  0.000e+00  0.000e+00  0.000e+00  4.354e+00  6.353e+00  1.630e-01  0.000e+00  7.489e+02  8.970e+02
 0.0260  2.87274e+01  1.719e+01  1.153e+01  0.000e+00  1.153e+01  0.000e+00  0.000e+00  0.000e+00  3.799e+00  7.557e+00  1.784e-01  0.000e+00  7.210e+02  1.041e+03
 0.0270  2.87267e+01  1.693e+01  1.180e+01  0.000e+00  1.180e+01  0.000e+00  0.000e+00  0.000e+00  2.622e+00  8.970e+00  2.033e-01  0.000e+00  7.100e+02  1.042e+03
 0.0280  2.87269e+01  1.605e+01  1.268e+01  0.000e+00  1.268e+01  0.000e+00  0.000e+00  0.000e+00  2.266e+00  1.018e+01  2.323e-01  0.000e+00  6.729e+02  9.005e+02
 0.0290  2.87280e+01  1.481e+01  1.392e+01  0.000e+00  1.392e+01  0.000e+00  0.000e+00  0.000e+00  2.923e+00  1.074e+01  2.577e-01  0.000e+00  6.211e+02  6.544e+02
 0.0300  2.87287e+01  1.476e+01  1.397e+01  0.000e+00  1.397e+01  0.000e+00  0.000e+00  0.000e+00  3.415e+00  1.029e+01  2.712e-01  0.000e+00  6.188e+02  3.682e+02
 0.0310  2.87280e+01  1.684e+01  1.189e+01  0.000e+00  1.189e+01  0.000e+00  0.000e+00  0.000e+00  2.757e+00  8.867e+00  2.671e-01  0.000e+00  7.061e+02  1.148e+02
 0.0320  2.87264e+01  2.001e+01  8.719e+00  0.000e+00  8.719e+00  0.000e+00  0.000e+00  0.000e+00  1.480e+00  6.994e+00  2.460e-01  0.000e+00  8.390e+02 -4.480e+01
 0.0330  2.87254e+01  2.197e+01  6.751e+00  0.000e+00  6.751e+00  0.000e+00  0.000e+00  0.000e+00  1.106e+00  5.430e+00  2.148e-01  0.000e+00  9.215e+02 -7.827e+01
 0.0340  2.87260e+01  2.137e+01  7.357e+00  0.000e+00  7.357e+00  0.000e+00  0.000e+00  0.000e+00  2.360e+00  4.812e+00  1.845e-01  0.000e+00  8.961e+02  8.978e+00
 0.0350  2.87273e+01  1.895e+01  9.772e+00  0.000e+00  9.772e+00  0.000e+00  0.000e+00  0.000e+00  4.228e+00  5.379e+00  1.650e-01  0.000e+00  7.949e+02  1.754e+02
 0.0360  2.87280e+01  1.668e+01  1.205e+01  0.000e+00  1.205e+01  0.000e+00  0.000e+00  0.000e+00  4.990e+00  6.896e+00  1.619e-01  0.000e+00  6.995e+02  3.557e+02
 0.0370  2.87277e+01  1.572e+01  1.301e+01  0.000e+00  1.301e+01  0.000e+00  0.000e+00  0.000e+00  4.030e+00  8.802e+00  1.746e-01  0.000e+00  6.592e+02  4.812e+02
 0.0380  2.87269e+01  1.563e+01  1.310e+01  0.000e+00  1.310e+01  0.000e+00  0.000e+00  0.000e+00  2.444e+00  1.046e+01  1.984e-01  0.000e+00  6.554e+02  5.026e+02
 0.0390  2.87269e+01  1.533e+01  1.340e+01  0.000e+00  1.340e+01  0.000e+00  0.000e+00  0.000e+00  1.823e+00  1.135e+01  2.260e-01  0.000e+00  6.428e+02  4.071e+02
 0.0400  2.87276e+01  1.470e+01  1.403e+01  0.000e+00  1.403e+01  0.000e+00  0.000e+00  0.000e+00  2.541e+00  1.124e+01  2.492e-01  0.000e+00  6.165e+02  2.244e+02
 0.0410  2.87283e+01  1.482e+01  1.391e+01  0.000e+00  1.391e+01  0.000e+00  0.000e+00  0.000e+00  3.410e+00  1.024e+01  2.601e-01  0.000e+00  6.215e+02  1.829e+01
 0.0420  2.87279e+01  1.657e+01  1.216e+01  0.000e+00  1.216e+01  0.000e+00  0.000e+00  0.000e+00  3.136e+00  8.767e+00  2.537e-01  0.000e+00  6.949e+02 -1.335e+02
 0.0430  2.87265e+01  1.923e+01  9.499e+00  0.000e+00  9.499e+00  0.000e+00  0.000e+00  0.000e+00  1.969e+00  7.300e+00  2.299e-01  0.000e+00  8.063e+02 -1.649e+02
 0.0440  2.87257e+01  2.088e+01  7.851e+00  0.000e+00  7.851e+00  0.000e+00  0.000e+00  0.000e+00  1.502e+00  6.154e+00  1.940e-01  0.000e+00  8.754e+02 -4.383e+01
 0.0450  2.87263e+01  2.038e+01  8.342e+00  0.000e+00  8.342e+00  0.000e+00  0.000e+00  0.000e+00  2.716e+00  5.472e+00  1.534e-01  0.000e+00  8.548e+02  2.148e+02
 0.0460  2.87276e+01  1.868e+01  1.005e+01  0.000e+00  1.005e+01  0.000e+00  0.000e+00  0.000e+00  4.646e+00  5.287e+00  1.157e-01  0.000e+00  7.833e+02  5.522e+02
 0.0470  2.87280e+01  1.767e+01  1.106e+01  0.000e+00  1.106e+01  0.000e+00  0.000e+00  0.000e+00  5.413e+00  5.558e+00  8.685e-02  0.000e+00  7.410e+02  8.818e+02
 0.0480  2.87271e+01  1.806e+01  1.067e+01  0.000e+00  1.067e+01  0.000e+00  0.000e+00  0.000e+00  4.404e+00  6.196e+00  7.052e-02  0.000e+00  7.572e+02  1.115e+03
 0.0490  2.87260e+01  1.858e+01  1.015e+01  0.000e+00  1.015e+01  0.000e+00  0.000e+00  0.000e+00  2.966e+00  7.113e+00  6.806e-02  0.000e+00  7.791e+02  1.185e+03
 0.0500  2.87261e+01  1.763e+01  1.110e+01  0.000e+00  1.110e+01  0.000e+00  0.000e+00  0.000e+00  2.781e+00  8.235e+00  7.889e-02  0.000e+00  7.393e+02  1.067e+03
 0.0510  2.87274e+01  1.530e+01  1.343e+01  0.000e+00  1.343e+01  0.000e+00  0.000e+00  0.000e+00  3.875e+00  9.453e+00  1.002e-01  0.000e+00  6.416e+02  7.869e+02
 0.0520  2.87286e+01  1.342e+01  1.531e+01  0.000e+00  1.531e+01  0.000e+00  0.000e+00  0.000e+00  4.657e+00  1.053e+01  1.261e-01  0.000e+00  5.628e+02  4.116e+02
 0.0530  2.87284e+01  1.361e+01  1.512e+01  0.000e+00  1.512e+01  0.000e+00  0.000e+00  0.000e+00  3.904e+00  1.107e+01  1.473e-01  0.000e+00  5.706e+02  3.403e+01
 0.0540  2.87272e+01  1.558e+01  1.315e+01  0.000e+00  1.315e+01  0.000e+00  0.000e+00  0.000e+00  2.245e+00  1.075e+01  1.549e-01  0.000e+00  6.532e+02 -2.524e+02
 0.0550  2.87265e+01  1.765e+01  1.107e+01  0.000e+00  1.107e+01  0.000e+00  0.000e+00  0.000e+00  1.397e+00  9.530e+00  1.450e-01  0.000e+00  7.403e+02 -3.796e+02
 0.0560  2.87268e+01  1.871e+01  1.002e+01  0.000e+00  1.002e+01  0.000e+00  0.000e+00  0.000e+00  2.167e+00  7.729e+00  1.198e-01  0.000e+00  7.846e+02 -3.228e+02
 0.0570  2.87275e+01  1.918e+01  9.543e+00  0.000e+00  9.543e+00  0.000e+00  0.000e+00  0.000e+00  3.608e+00  5.849e+00  8.669e-02  0.000e+00  8.045e+02 -1.071e+02
 0.0580  2.87275e+01  2.012e+01  8.606e+00  0.000e+00  8.606e+00  0.000e+00  0.000e+00  0.000e+00  4.188e+00  4.363e+00  5.494e-02  0.000e+00  8.438e+02  2.003e+02
 0.0590  2.87266e+01  2.155e+01  7.175e+00  0.000e+00  7.175e+00  0.000e+00  0.000e+00  0.000e+00  3.516e+00  3.626e+00  3.290e-02  0.000e+00  9.038e+02  5.083e+02
 0.0600  2.87256e+01  2.218e+01  6.542e+00  0.000e+00  6.542e+00  0.000e+00  0.000e+00  0.000e+00  2.672e+00  3.844e+00  2.529e-02  0.000e+00  9.303e+02  7.281e+02
 0.0610  2.87258e+01  2.079e+01  7.932e+00  0.000e+00  7.932e+00  0.000e+00  0.000e+00  0.000e+00  2.874e+00  5.026e+00  3.233e-02  0.000e+00  8.720e+02  7.979e+02
 0.0620  2.87270e+01  1.773e+01  1.100e+01  0.000e+00  1.100e+01  0.000e+00  0.000e+00  0.000e+00  4.008e+00  6.937e+00  5.032e-02  0.000e+00  7.436e+02  7.015e+02
 0.0630  2.87281e+01  1.480e+01  1.392e+01  0.000e+00  1.392e+01  0.000e+00  0.000e+00  0.000e+00  4.723e+00  9.128e+00  7.288e-02  0.000e+00  6.208e+02  4.726e+02
 0.0640  2.87280e+01  1.357e+01  1.516e+01  0.000e+00  1.516e+01  0.000e+00  0.000e+00  0.000e+00  4.021e+00  1.104e+01  9.234e-02  0.000e+00  5.691e+02  1.853e+02
 0.0650  2.87271e+01  1.391e+01  1.482e+01  0.000e+00  1.482e+01  0.000e+00  0.000e+00  0.000e+00  2.552e+00  1.217e+01  1.020e-01  0.000e+00  5.832e+02 -6.767e+01
 0.0660  2.87265e+01  1.445e+01  1.428e+01  0.000e+00  1.428e+01  0.000e+00  0.000e+00  0.000e+00  2.034e+00  1.214e+01  9.885e-02  0.000e+00  6.060e+02 -2.020e+02
 0.0670  2.87271e+01  1.443e+01  1.430e+01  0.000e+00  1.430e+01  0.000e+00  0.000e+00  0.000e+00  3.307e+00  1.090e+01  8.502e-02  0.000e+00  6.052e+02 -1.667e+02
 0.0680  2.87281e+01  1.473e+01  1.400e+01  0.000e+00  1.400e+01  0.000e+00  0.000e+00  0.000e+00  5.220e+00  8.716e+00  6.679e-02  0.000e+00  6.175e+02  4.103e+01
 0.0690  2.87280e+01  1.673e+01  1.200e+01  0.000e+00  1.200e+01  0.000e+00  0.000e+00  0.000e+00  5.795e+00  6.156e+00  5.215e-02  0.000e+00  7.014e+02  3.741e+02
 0.0700  2.87265e+01  2.027e+01  8.459e+00  0.000e+00  8.459e+00  0.000e+00  0.000e+00  0.000e+00  4.510e+00  3.902e+00  4.752e-02  0.000e+00  8.499e+02  7.480e+02
 0.0710  2.87250e+01  2.318e+01  5.548e+00  0.000e+00  5.548e+00  0.000e+00  0.000e+00  0.000e+00  3.007e+00  2.485e+00  5.571e-02  0.000e+00  9.719e+02  1.063e+03
 0.0720  2.87251e+01  2.329e+01  5.439e+00  0.000e+00  5.439e+00  0.000e+00  0.000e+00  0.000e+00  3.221e+00  2.141e+00  7.600e-02  0.000e+00  9.765e+02  1.228e+03
 0.0730  2.87267e+01  2.078e+01  7.946e+00  0.000e+00  7.946e+00  0.000e+00  0.000e+00  0.000e+00  5.024e+00  2.817e+00  1.054e-01  0.000e+00  8.714e+02  1.190e+03
 0.0740  2.87281e+01  1.807e+01  1.066e+01  0.000e+00  1.066e+01  0.000e+00  0.000e+00  0.000e+00  6.270e+00  4.251e+00  1.396e-01  0.000e+00  7.577e+02  9.452e+02
 0.0750  2.87278e+01  1.718e+01  1.154e+01  0.000e+00  1.154e+01  0.000e+00  0.000e+00  0.000e+00  5.312e+00  6.059e+00  1.731e-01  0.000e+00  7.206e+02  5.428e+02
 0.0760  2.87263e+01  1.767e+01  1.106e+01  0.000e+00  1.106e+01  0.000e+00  0.000e+00  0.000e+00  3.000e+00  7.859e+00  2.008e-01  0.000e+00  7.409e+02  7.638e+01
 0.0770  2.87256e+01  1.736e+01  1.137e+01  0.000e+00  1.137e+01  0.000e+00  0.000e+00  0.000e+00  1.758e+00  9.388e+00  2.191e-01  0.000e+00  7.280e+02 -3.424e+02
 0.0780  2.87266e+01  1.515e+01  1.357e+01  0.000e+00  1.357e+01  0.000e+00  0.000e+00  0.000e+00  2.839e+00  1.051e+01  2.269e-01  0.000e+00  6.354e+02 -6.132e+02
 0.0790  2.87284e+01  1.248e+01  1.625e+01  0.000e+00  1.625e+01  0.000e+00  0.000e+00  0.000e+00  4.944e+00  1.108e+01  2.245e-01  0.000e+00  5.233e+02 -6.737e+02
 0.0800  2.87290e+01  1.189e+01  1.684e+01  0.000e+00  1.684e+01  0.000e+00  0.000e+00  0.000e+00  5.726e+00  1.090e+01  2.135e-01  0.000e+00  4.986e+02 -5.160e+02
 0.0810  2.87278e+01  1.433e+01  1.440e+01  0.000e+00  1.440e+01  0.000e+00  0.000e+00  0.000e+00  4.364e+00  9.839e+00  1.983e-01  0.000e+00  6.008e+02 -1.878e+02
 0.0820  2.87259e+01  1.805e+01  1.068e+01  0.000e+00  1.068e+01  0.000e+00  0.000e+00  0.000e+00  2.417e+00  8.075e+00  1.863e-01  0.000e+00  7.568e+02  2.218e+02
 0.0830  2.87251e+01  2.028e+01  8.441e+00  0.000e+00  8.441e+00  0.000e+00  0.000e+00  0.000e+00  2.154e+00  6.103e+00  1.845e-01  0.000e+00  8.506e+02  6.070e+02
 0.0840  2.87260e+01  1.989e+01  8.833e+00  0.000e+00  8.833e+00  0.000e+00  0.000e+00  0.000e+00  4.137e+00  4.502e+00  1.950e-01  0.000e+00  8.342e+02  8.750e+02
 0.0850  2.87275e+01  1.828e+01  1.044e+01  0.000e+00  1.044e+01  0.000e+00  0.000e+00  0.000e+00  6.555e+00  3.676e+00  2.140e-01  0.000e+00  7.667e+02  9.702e+02
 0.0860  2.87280e+01  1.772e+01  1.101e+01  0.000e+00  1.101e+01  0.000e+00  0.000e+00  0.000e+00  7.038e+00  3.736e+00  2.345e-01  0.000e+00  7.431e+02  8.881e+02
 0.0870  2.87268e+01  1.881e+01  9.915e+00  0.000e+00  9.915e+00  0.000e+00  0.000e+00  0.000e+00  5.142e+00  4.524e+00  2.498e-01  0.000e+00  7.889e+02  6.736e+02
 0.0880  2.87255e+01  1.990e+01  8.822e+00  0.000e+00  8.822e+00  0.000e+00  0.000e+00  0.000e+00  2.855e+00  5.711e+00  2.563e-01  0.000e+00  8.346e+02  4.063e+02
 0.0890  2.87257e+01  1.904e+01  9.687e+00  0.000e+00  9.687e+00  0.000e+00  0.000e+00  0.000e+00  2.526e+00  6.907e+00  2.536e-01  0.000e+00  7.984e+02  1.759e+02
 0.0900  2.87273e+01  1.636e+01  1.237e+01  0.000e+00  1.237e+01  0.000e+00  0.000e+00  0.000e+00  4.379e+00  7.749e+00  2.441e-01  0.000e+00  6.859e+02  5.654e+01
 0.0910  2.87288e+01  1.420e+01  1.453e+01  0.000e+00  1.453e+01  0.000e+00  0.000e+00  0.000e+00  6.313e+00  7.986e+00  2.315e-01  0.000e+00  5.954e+02  8.684e+01
 0.0920  2.87285e+01  1.472e+01  1.401e+01  0.000e+00  1.401e+01  0.000e+00  0.000e+00  0.000e+00  6.228e+00  7.559e+00  2.204e-01  0.000e+00  6.173e+02  2.600e+02
 0.0930  2.87267e+01  1.755e+01  1.118e+01  0.000e+00  1.118e+01  0.000e+00  0.000e+00  0.000e+00  4.290e+00  6.672e+00  2.156e-01  0.000e+00  7.359e+02  5.263e+02
 0.0940  2.87253e+01  2.012e+01  8.602e+00  0.000e+00  8.602e+00  0.000e+00  0.000e+00  0.000e+00  2.634e+00  5.746e+00  2.215e-01  0.000e+00  8.439e+02  8.070e+02
 0.0950  2.87257e+01  2.036e+01  8.364e+00  0.000e+00  8.364e+00  0.000e+00  0.000e+00  0.000e+00  2.868e+00  5.253e+00  2.423e-01  0.000e+00  8.539e+02  1.015e+03
 0.0960  2.87272e+01  1.868e+01  1.005e+01  0.000e+00  1.005e+01  0.000e+00  0.000e+00  0.000e+00  4.266e+00  5.504e+00  2.804e-01  0.000e+00  7.832e+02  1.076e+03
 0.0970  2.87280e+01  1.714e+01  1.159e+01  0.000e+00  1.159e+01  0.000e+00  0.000e+00  0.000e+00  4.746e+00  6.507e+00  3.335e-01  0.000e+00  7.188e+02  9.537e+02
 0.0980  2.87273e+01  1.692e+01  1.180e+01  0.000e+00  1.180e+01  0.000e+00  0.000e+00  0.000e+00  3.435e+00  7.978e+00  3.917e-01  0.000e+00  7.096e+02  6.560e+02
 0.0990  2.87262e+01  1.704e+01  1.169e+01  0.000e+00  1.169e+01  0.000e+00  0.000e+00  0.000e+00  1.744e+00  9.502e+00  4.400e-01  0.000e+00  7.146e+02  2.387e+02
 0.1000  2.87262e+01  1.585e+01  1.288e+01  0.000e+00  1.288e+01  0.000e+00  0.000e+00  0.000e+00  1.708e+00  1.070e+01  4.657e-01  0.000e+00  6.646e+02 -2.073e+02
 0.1010  2.87276e+01  1.333e+01  1.539e+01  0.000e+00  1.539e+01  0.000e+00  0.000e+00  0.000e+00  3.610e+00  1.132e+01  4.618e-01  0.000e+00  5.592e+02 -5.776e+02
 0.1020  2.87290e+01  1.150e+01  1.723e+01  0.000e+00  1.723e+01  0.000e+00  0.000e+00  0.000e+00  5.618e+00  1.118e+01  4.281e-01  0.000e+00  4.822e+02 -7.815e+02
 0.1030  2.87289e+01  1.237e+01  1.636e+01  0.000e+00  1.636e+01  0.000e+00  0.000e+00  0.000e+00  5.770e+00  1.022e+01  3.705e-01  0.000e+00  5.186e+02 -7.662e+02
 0.1040  2.87274e+01  1.586e+01  1.286e+01  0.000e+00  1.286e+01  0.000e+00  0.000e+00  0.000e+00  4.055e+00  8.509e+00  2.997e-01  0.000e+00  6.652e+02 -5.325e+02
 0.1050  2.87259e+01  1.982e+01  8.906e+00  0.000e+00  8.906e+00  0.000e+00  0.000e+00  0.000e+00  2.340e+00  6.337e+00  2.294e-01  0.000e+00  8.312e+02 -1.355e+02
 0.1060  2.87257e+01  2.205e+01  6.679e+00  0.000e+00  6.679e+00  0.000e+00  0.000e+00  0.000e+00  2.340e+00  4.167e+00  1.718e-01  0.000e+00  9.245e+02  3.299e+02
 0.1070  2.87266e+01  2.221e+01  6.517e+00  0.000e+00  6.517e+00  0.000e+00  0.000e+00  0.000e+00  3.860e+00  2.522e+00  1.352e-01  0.000e+00  9.314e+02  7.545e+02
 0.1080  2.87273e+01  2.161e+01  7.118e+00  0.000e+00  7.118e+00  0.000e+00  0.000e+00  0.000e+00  5.137e+00  1.858e+00  1.228e-01  0.000e+00  9.062e+02  1.044e+03
 0.1090  2.87269e+01  2.131e+01  7.418e+00  0.000e+00  7.418e+00  0.000e+00  0.000e+00  0.000e+00  4.816e+00  2.469e+00  1.322e-01  0.000e+00  8.936e+02  1.142e+03
 0.1100  2.87260e+01  2.082e+01  7.905e+00  0.000e+00  7.905e+00  0.000e+00  0.000e+00  0.000e+00  3.360e+00  4.387e+00  1.580e-01  0.000e+00  8.731e+02  1.045e+03
 0.1110  2.87258e+01  1.881e+01  9.913e+00  0.000e+00  9.913e+00  0.000e+00  0.000e+00  0.000e+00  2.424e+00  7.296e+00  1.931e-01  0.000e+00  7.889e+02  7.970e+02
 0.1120  2.87269e+01  1.500e+01  1.373e+01  0.000e+00  1.373e+01  0.000e+00  0.000e+00  0.000e+00  3.006e+00  1.050e+01  2.292e-01  0.000e+00  6.288e+02  4.797e+02
 0.1130  2.87286e+01  1.105e+01  1.768e+01  0.000e+00  1.768e+01  0.000e+00  0.000e+00  0.000e+00  4.428e+00  1.300e+01  2.568e-01  0.000e+00  4.632e+02  1.872e+02
 0.1140  2.87295e+01  9.479e+00  1.925e+01  0.000e+00  1.925e+01  0.000e+00  0.000e+00  0.000e+00  5.118e+00  1.387e+01  2.669e-01  0.000e+00  3.975e+02  3.461e+00
 0.1150  2.87287e+01  1.151e+01  1.722e+01  0.000e+00  1.722e+01  0.000e+00  0.000e+00  0.000e+00  4.288e+00  1.268e+01  2.539e-01  0.000e+00  4.827e+02 -1.950e+01
 0.1160  2.87270e+01  1.599e+01  1.273e+01  0.000e+00  1.273e+01  0.000e+00  0.000e+00  0.000e+00  2.734e+00  9.782e+00  2.176e-01  0.000e+00  6.707e+02  1.252e+02
 0.1170  2.87257e+01  2.039e+01  8.340e+00  0.000e+00  8.340e+00  0.000e+00  0.000e+00  0.000e+00  1.955e+00  6.221e+00  1.637e-01  0.000e+00  8.549e+02  3.964e+02
 0.1180  2.87256e+01  2.278e+01  5.943e+00  0.000e+00  5.943e+00  0.000e+00  0.000e+00  0.000e+00  2.583e+00  3.256e+00  1.039e-01  0.000e+00  9.554e+02  7.138e+02
 0.1190  2.87263e+01  2.303e+01  5.697e+00  0.000e+00  5.697e+00  0.000e+00  0.000e+00  0.000e+00  3.828e+00  1.813e+00  5.532e-02  0.000e+00  9.658e+02  9.776e+02
 0.1200  2.87268e+01  2.210e+01  6.626e+00  0.000e+00  6.626e+00  0.000e+00  0.000e+00  0.000e+00  4.475e+00  2.119e+00  3.227e-02  0.000e+00  9.268e+02  1.094e+03
 0.1210  2.87267e+01  2.076e+01  7.971e+00  0.000e+00  7.971e+00  0.000e+00  0.000e+00  0.000e+00  4.164e+00  3.769e+00  3.856e-02  0.000e+00  8.704e+02  1.005e+03
 0.1220  2.87265e+01  1.899e+01  9.736e+00  0.000e+00  9.736e+00  0.000e+00  0.000e+00  0.000e+00  3.599e+00  6.070e+00  6.726e-02  0.000e+00  7.964e+02  7.033e+02
 0.1230  2.87268e+01  1.661e+01  1.212e+01  0.000e+00  1.212e+01  0.000e+00  0.000e+00  0.000e+00  3.681e+00  8.330e+00  1.073e-01  0.000e+00  6.965e+02  2.455e+02
 0.1240  2.87275e+01  1.402e+01  1.471e+01  0.000e+00  1.471e+01  0.000e+00  0.000e+00  0.000e+00  4.565e+00  9.993e+00  1.492e-01  0.000e+00  5.880e+02 -2.617e+02
 0.1250  2.87282e+01  1.230e+01  1.643e+01  0.000e+00  1.643e+01  0.000e+00  0.000e+00  0.000e+00  5.524e+00  1.072e+01  1.865e-01  0.000e+00  5.157e+02 -6.874e+02
 0.1260  2.87282e+01  1.241e+01  1.632e+01  0.000e+00  1.632e+01  0.000e+00  0.000e+00  0.000e+00  5.646e+00  1.046e+01  2.148e-01  0.000e+00  5.202e+02 -9.132e+02
 0.1270  2.87275e+01  1.435e+01  1.438e+01  0.000e+00  1.438e+01  0.000e+00  0.000e+00  0.000e+00  4.705e+00  9.444e+00  2.301e-01  0.000e+00  6.017e+02 -8.684e+02
 0.1280  2.87265e+01  1.705e+01  1.167e+01  0.000e+00  1.167e+01  0.000e+00  0.000e+00  0.000e+00  3.411e+00  8.036e+00  2.288e-01  0.000e+00  7.151e+02 -5.519e+02
 0.1290  2.87261e+01  1.915e+01  9.579e+00  0.000e+00  9.579e+00  0.000e+00  0.000e+00  0.000e+00  2.813e+00  6.558e+00  2.084e-01  0.000e+00  8.029e+02 -3.436e+01
 0.1300  2.87263e+01  1.995e+01  8.774e+00  0.000e+00  8.774e+00  0.000e+00  0.000e+00  0.000e+00  3.382e+00  5.220e+00  1.712e-01  0.000e+00  8.367e+02  5.606e+02
 0.1310  2.87267e+01  1.977e+01  8.957e+00  0.000e+00  8.957e+00  0.000e+00  0.000e+00  0.000e+00  4.647e+00  4.185e+00  1.250e-01  0.000e+00  8.290e+02  1.090e+03
 0.1320  2.87270e+01  1.935e+01  9.374e+00  0.000e+00  9.374e+00  0.000e+00  0.000e+00  0.000e+00  5.659e+00  3.633e+00  8.236e-02  0.000e+00  8.116e+02  1.428e+03
 0.1330  2.87268e+01  1.913e+01  9.593e+00  0.000e+00  9.593e+00  0.000e+00  0.000e+00  0.000e+00  5.789e+00  3.748e+00  5.659e-02  0.000e+00  8.024e+02  1.501e+03
 0.1340  2.87265e+01  1.891e+01  9.820e+00  0.000e+00  9.820e+00  0.000e+00  0.000e+00  0.000e+00  5.149e+00  4.616e+00  5.579e-02  0.000e+00  7.928e+02  1.303e+03
 0.1350  2.87263e+01  1.816e+01  1.056e+01  0.000e+00  1.056e+01  0.000e+00  0.000e+00  0.000e+00  4.379e+00  6.104e+00  7.886e-02  0.000e+00  7.617e+02  8.992e+02
 0.1360  2.87267e+01  1.673e+01  1.199e+01  0.000e+00  1.199e+01  0.000e+00  0.000e+00  0.000e+00  4.065e+00  7.812e+00  1.167e-01  0.000e+00  7.017e+02  4.031e+02
 0.1370  2.87273e+01  1.510e+01  1.362e+01  0.000e+00  1.362e+01  0.000e+00  0.000e+00  0.000e+00  4.292e+00  9.174e+00  1.576e-01  0.000e+00  6.334e+02 -4.939e+01
 0.1380  2.87277e+01  1.417e+01  1.456e+01  0.000e+00  1.456e+01  0.000e+00  0.000e+00  0.000e+00  4.671e+00  9.696e+00  1.921e-01  0.000e+00  5.942e+02 -3.378e+02
 0.1390  2.87276e+01  1.455e+01  1.418e+01  0.000e+00  1.418e+01  0.000e+00  0.000e+00  0.000e+00  4.780e+00  9.184e+00  2.141e-01  0.000e+00  6.102e+02 -3.892e+02
 0.1400  2.87270e+01  1.609e+01  1.264e+01  0.000e+00  1.264e+01  0.000e+00  0.000e+00  0.000e+00  4.567e+00  7.852e+00  2.212e-01  0.000e+00  6.746e+02 -1.988e+02
 0.1410  2.87263e+01  1.790e+01  1.083e+01  0.000e+00  1.083e+01  0.000e+00  0.000e+00  0.000e+00  4.367e+00  6.243e+00  2.159e-01  0.000e+00  7.507e+02  1.674e+02
 0.1420  2.87260e+01  1.901e+01  9.713e+00  0.000e+00  9.713e+00  0.000e+00  0.000e+00  0.000e+00  4.564e+00  4.945e+00  2.037e-01  0.000e+00  7.973e+02  5.901e+02
 0.1430  2.87263e+01  1.905e+01  9.679e+00  0.000e+00  9.679e+00  0.000e+00  0.000e+00  0.000e+00  5.206e+00  4.283e+00  1.900e-01  0.000e+00  7.987e+02  9.314e+02
 0.1440  2.87268e+01  1.847e+01  1.025e+01  0.000e+00  1.025e+01  0.000e+00  0.000e+00  0.000e+00  5.849e+00  4.226e+00  1.775e-01  0.000e+00  7.747e+02  1.075e+03
 0.1450  2.87271e+01  1.812e+01  1.061e+01  0.000e+00  1.061e+01  0.000e+00  0.000e+00  0.000e+00  5.913e+00  4.529e+00  1.674e-01  0.000e+00  7.598e+02  9.628e+02
 0.1460  2.87268e+01  1.834e+01  1.039e+01  0.000e+00  1.039e+01  0.000e+00  0.000e+00  0.000e+00  5.300e+00  4.929e+00  1.615e-01  0.000e+00  7.689e+02  6.137e+02
 0.1470  2.87263e+01  1.869e+01  1.004e+01  0.000e+00  1.004e+01  0.000e+00  0.000e+00  0.000e+00  4.607e+00  5.267e+00  1.636e-01  0.000e+00  7.837e+02  1.217e+02
 0.1480  2.87263e+01  1.848e+01  1.025e+01  0.000e+00  1.025e+01  0.000e+00  0.000e+00  0.000e+00  4.534e+00  5.533e+00  1.786e-01  0.000e+00  7.750e+02 -3.715e+02
 0.1490  2.87268e+01  1.760e+01  1.113e+01  0.000e+00  1.113e+01  0.000e+00  0.000e+00  0.000e+00  5.074e+00  5.843e+00  2.088e-01  0.000e+00  7.381e+02 -7.184e+02
 0.1500  2.87273e+01  1.670e+01  1.203e+01  0.000e+00  1.203e+01  0.000e+00  0.000e+00  0.000e+00  5.448e+00  6.331e+00  2.504e-01  0.000e+00  7.002e+02 -8.102e+02
 0.1510  2.87272e+01  1.648e+01  1.225e+01  0.000e+00  1.225e+01  0.000e+00  0.000e+00  0.000e+00  4.990e+00  6.966e+00  2.930e-01  0.000e+00  6.910e+02 -6.097e+02
 0.1520  2.87267e+01  1.691e+01  1.182e+01  0.000e+00  1.182e+01  0.000e+00  0.000e+00  0.000e+00  3.999e+00  7.493e+00  3.242e-01  0.000e+00  7.091e+02 -1.617e+02
 0.1530  2.87263e+01  1.726e+01  1.147e+01  0.000e+00  1.147e+01  0.000e+00  0.000e+00  0.000e+00  3.526e+00  7.607e+00  3.357e-01  0.000e+00  7.237e+02  4.202e+02
 0.1540  2.87264e+01  1.693e+01  1.179e+01  0.000e+00  1.179e+01  0.000e+00  0.000e+00  0.000e+00  4.264e+00  7.202e+00  3.276e-01  0.000e+00  7.101e+02  9.864e+02
 0.1550  2.87270e+01  1.620e+01  1.253e+01  0.000e+00  1.253e+01  0.000e+00  0.000e+00  0.000e+00  5.759e+00  6.459e+00  3.067e-01  0.000e+00  6.794e+02  1.393e+03
 0.1560  2.87274e+01  1.592e+01  1.281e+01  0.000e+00  1.281e+01  0.000e+00  0.000e+00  0.000e+00  6.804e+00  5.725e+00  2.826e-01  0.000e+00  6.674e+02  1.540e+03
 0.1570  2.87270e+01  1.656e+01  1.217e+01  0.000e+00  1.217e+01  0.000e+00  0.000e+00  0.000e+00  6.602e+00  5.303e+00  2.628e-01  0.000e+00  6.944e+02  1.398e+03
 0.1580  2.87263e+01  1.767e+01  1.106e+01  0.000e+00  1.106e+01  0.000e+00  0.000e+00  0.000e+00  5.503e+00  5.307e+00  2.507e-01  0.000e+00  7.408e+02  1.015e+03
 0.1590  2.87260e+01  1.825e+01  1.048e+01  0.000e+00  1.048e+01  0.000e+00  0.000e+00  0.000e+00  4.596e+00  5.638e+00  2.457e-01  0.000e+00  7.652e+02  4.977e+02
 0.1600  2.87264e+01  1.781e+01  1.091e+01  0.000e+00  1.091e+01  0.000e+00  0.000e+00  0.000e+00  4.617e+00  6.051e+00  2.456e-01  0.000e+00  7.470e+02 -1.056e+01
 0.1610  2.87272e+01  1.691e+01  1.181e+01  0.000e+00  1.181e+01  0.000e+00  0.000e+00  0.000e+00  5.279e+00  6.288e+00  2.478e-01  0.000e+00  7.092e+02 -3.736e+02
 0.1620  2.87275e+01  1.664e+01  1.209e+01  0.000e+00  1.209e+01  0.000e+00  0.000e+00  0.000e+00  5.644e+00  6.193e+00  2.498e-01  0.000e+00  6.978e+02 -4.973e+02
 0.1630  2.87271e+01  1.753e+01  1.119e+01  0.000e+00  1.119e+01  0.000e+00  0.000e+00  0.000e+00  5.162e+00  5.782e+00  2.500e-01  0.000e+00  7.352e+02 -3.562e+02
 0.1640  2.87262e+01  1.894e+01  9.788e+00  0.000e+00  9.788e+00  0.000e+00  0.000e+00  0.000e+00  4.301e+00  5.240e+00  2.477e-01  0.000e+00  7.942e+02 -2.112e+00
 0.1650  2.87257e+01  1.956e+01  9.165e+00  0.000e+00  9.165e+00  0.000e+00  0.000e+00  0.000e+00  4.094e+00  4.828e+00  2.429e-01  0.000e+00  8.203e+02  4.496e+02
 0.1660  2.87262e+01  1.876e+01  9.969e+00  0.000e+00  9.969e+00  0.000e+00  0.000e+00  0.000e+00  5.006e+00  4.728e+00  2.353e-01  0.000e+00  7.866e+02  8.533e+02
 0.1670  2.87271e+01  1.726e+01  1.147e+01  0.000e+00  1.147e+01  0.000e+00  0.000e+00  0.000e+00  6.289e+00  4.952e+00  2.242e-01  0.000e+00  7.239e+02  1.076e+03
 0.1680  2.87275e+01  1.649e+01  1.224e+01  0.000e+00  1.224e+01  0.000e+00  0.000e+00  0.000e+00  6.653e+00  5.374e+00  2.089e-01  0.000e+00  6.916e+02  1.040e+03
 0.1690  2.87269e+01  1.704e+01  1.168e+01  0.000e+00  1.168e+01  0.000e+00  0.000e+00  0.000e+00  5.665e+00  5.829e+00  1.897e-01  0.000e+00  7.147e+02  7.466e+02
 0.1700  2.87260e+01  1.803e+01  1.069e+01  0.000e+00  1.069e+01  0.000e+00  0.000e+00  0.000e+00  4.322e+00  6.202e+00  1.680e-01  0.000e+00  7.562e+02  2.771e+02
 0.1710  2.87258e+01  1.806e+01  1.066e+01  0.000e+00  1.066e+01  0.000e+00  0.000e+00  0.000e+00  4.022e+00  6.494e+00  1.471e-01  0.000e+00  7.575e+02 -2.286e+02
 0.1720  2.87266e+01  1.680e+01  1.193e+01  0.000e+00  1.193e+01  0.000e+00  0.000e+00  0.000e+00  4.988e+00  6.812e+00  1.308e-01  0.000e+00  7.043e+02 -6.161e+02
 0.1730  2.87276e+01  1.536e+01  1.337e+01  0.000e+00  1.337e+01  0.000e+00  0.000e+00  0.000e+00  5.979e+00  7.265e+00  1.221e-01  0.000e+00  6.442e+02 -7.623e+02
 0.1740  2.87276e+01  1.510e+01  1.363e+01  0.000e+00  1.363e+01  0.000e+00  0.000e+00  0.000e+00  5.735e+00  7.774e+00  1.203e-01  0.000e+00  6.332e+02 -6.126e+02
 0.1750  2.87268e+01  1.608e+01  1.264e+01  0.000e+00  1.264e+01  0.000e+00  0.000e+00  0.000e+00  4.498e+00  8.026e+00  1.197e-01  0.000e+00  6.744e+02 -1.971e+02
 0.1760  2.87260e+01  1.714e+01  1.158e+01  0.000e+00  1.158e+01  0.000e+00  0.000e+00  0.000e+00  3.775e+00  7.694e+00  1.134e-01  0.000e+00  7.189e+02  3.785e+02
 0.1770  2.87263e+01  1.732e+01  1.141e+01  0.000e+00  1.141e+01  0.000e+00  0.000e+00  0.000e+00  4.599e+00  6.708e+00  9.813e-02  0.000e+00  7.264e+02  9.630e+02
 0.1780  2.87271e+01  1.699e+01  1.174e+01  0.000e+00  1.174e+01  0.000e+00  0.000e+00  0.000e+00  6.355e+00  5.310e+00  7.646e-02  0.000e+00  7.123e+02  1.403e+03
 0.1790  2.87275e+01  1.737e+01  1.136e+01  0.000e+00  1.136e+01  0.000e+00  0.000e+00  0.000e+00  7.427e+00  3.881e+00  5.376e-02  0.000e+00  7.282e+02  1.585e+03
 0.1800  2.87270e+01  1.905e+01  9.681e+00  0.000e+00  9.681e+00  0.000e+00  0.000e+00  0.000e+00  6.872e+00  2.773e+00  3.524e-02  0.000e+00  7.987e+02  1.466e+03
 0.1810  2.87259e+01  2.118e+01  7.544e+00  0.000e+00  7.544e+00  0.000e+00  0.000e+00  0.000e+00  5.290e+00  2.230e+00  2.434e-02  0.000e+00  8.883e+02  1.086e+03
 0.1820  2.87254e+01  2.222e+01  6.505e+00  0.000e+00  6.505e+00  0.000e+00  0.000e+00  0.000e+00  4.095e+00  2.387e+00  2.258e-02  0.000e+00  9.318e+02  5.484e+02
 0.1830  2.87258e+01  2.132e+01  7.402e+00  0.000e+00  7.402e+00  0.000e+00  0.000e+00  0.000e+00  4.088e+00  3.284e+00  2.975e-02  0.000e+00  8.942e+02 -1.071e+00
 0.1840  2.87268e+01  1.904e+01  9.684e+00  0.000e+00  9.684e+00  0.000e+00  0.000e+00  0.000e+00  4.794e+00  4.846e+00  4.379e-02  0.000e+00  7.986e+02 -4.212e+02
 0.1850  2.87274e+01  1.669e+01  1.204e+01  0.000e+00  1.204e+01  0.000e+00  0.000e+00  0.000e+00  5.128e+00  6.848e+00  6.085e-02  0.000e+00  6.999e+02 -6.110e+02
 0.1860  2.87273e+01  1.516e+01  1.357e+01  0.000e+00  1.357e+01  0.000e+00  0.000e+00  0.000e+00  4.614e+00  8.882e+00  7.606e-02  0.000e+00  6.355e+02 -5.364e+02
 0.1870  2.87268e+01  1.434e+01  1.439e+01  0.000e+00  1.439e+01  0.000e+00  0.000e+00  0.000e+00  3.860e+00  1.045e+01  8.552e-02  0.000e+00  6.012e+02 -2.382e+02
 0.1880  2.87268e+01  1.367e+01  1.506e+01  0.000e+00  1.506e+01  0.000e+00  0.000e+00  0.000e+00  3.838e+00  1.113e+01  8.820e-02  0.000e+00  5.731e+02  1.807e+02
 0.1890  2.87272e+01  1.307e+01  1.566e+01  0.000e+00  1.566e+01  0.000e+00  0.000e+00  0.000e+00  4.776e+00  1.079e+01  8.574e-02  0.000e+00  5.482e+02  5.869e+02
 0.1900  2.87278e+01  1.326e+01  1.547e+01  0.000e+00  1.547e+01  0.000e+00  0.000e+00  0.000e+00  5.855e+00  9.531e+00  8.053e-02  0.000e+00  5.561e+02  8.561e+02
 0.1910  2.87276e+01  1.499e+01  1.374e+01  0.000e+00  1.374e+01  0.000e+00  0.000e+00  0.000e+00  6.020e+00  7.645e+00  7.432e-02  0.000e+00  6.285e+02  9.104e+02
 0.1920  2.87268e+01  1.803e+01  1.070e+01  0.000e+00  1.070e+01  0.000e+00  0.000e+00  0.000e+00  5.086e+00  5.543e+00  6.805e-02  0.000e+00  7.561e+02  7.421e+02
 0.1930  2.87258e+01  2.105e+01  7.678e+00  0.000e+00  7.678e+00  0.000e+00  0.000e+00  0.000e+00  3.941e+00  3.674e+00  6.226e-02  0.000e+00  8.827e+02  4.142e+02
 0.1940  2.87257e+01  2.262e+01  6.103e+00  0.000e+00  6.103e+00  0.000e+00  0.000e+00  0.000e+00  3.564e+00  2.482e+00  5.767e-02  0.000e+00  9.487e+02  4.029e+01
 0.1950  2.87263e+01  2.240e+01  6.328e+00  0.000e+00  6.328e+00  0.000e+00  0.000e+00  0.000e+00  3.935e+00  2.338e+00  5.561e-02  0.000e+00  9.393e+02 -2.517e+02
 0.1960  2.87269e+01  2.112e+01  7.608e+00  0.000e+00  7.608e+00  0.000e+00  0.000e+00  0.000e+00  4.155e+00  3.395e+00  5.791e-02  0.000e+00  8.856e+02 -3.592e+02
 0.1970  2.87269e+01  1.957e+01  9.152e+00  0.000e+00  9.152e+00  0.000e+00  0.000e+00  0.000e+00  3.676e+00  5.411e+00  6.521e-02  0.000e+00  8.209e+02 -2.365e+02
 0.1980  2.87267e+01  1.779e+01  1.093e+01  0.000e+00  1.093e+01  0.000e+00  0.000e+00  0.000e+00  3.118e+00  7.742e+00  7.530e-02  0.000e+00  7.461e+02  9.157e+01
 0.1990  2.87269e+01  1.551e+01  1.322e+01  0.000e+00  1.322e+01  0.000e+00  0.000e+00  0.000e+00  3.498e+00  9.634e+00  8.394e-02  0.000e+00  6.505e+02  5.370e+02
 0.2000  2.87278e+01  1.322e+01  1.551e+01  0.000e+00  1.551e+01  0.000e+00  0.000e+00  0.000e+00  4.806e+00  1.062e+01  8.837e-02  0.000e+00  5.543e+02  9.749e+02
 0.2010  2.87284e+01  1.219e+01  1.654e+01  0.000e+00  1.654e+01  0.000e+00  0.000e+00  0.000e+00  5.830e+00  1.062e+01  8.942e-02  0.000e+00  5.113e+02  1.281e+03
 0.2020  2.87280e+01  1.329e+01  1.543e+01  0.000e+00  1.543e+01  0.000e+00  0.000e+00  0.000e+00  5.533e+00  9.811e+00  9.015e-02  0.000e+00  5.575e+02  1.366e+03
 0.2030  2.87269e+01  1.593e+01  1.280e+01  0.000e+00  1.280e+01  0.000e+00  0.000e+00  0.000e+00  4.272e+00  8.431e+00  9.345e-02  0.000e+00  6.681e+02  1.205e+03
 0.2040  2.87261e+01  1.851e+01  1.021e+01  0.000e+00  1.021e+01  0.000e+00  0.000e+00  0.000e+00  3.396e+00  6.717e+00  1.009e-01  0.000e+00  7.763e+02  8.393e+02
 0.2050  2.87262e+01  1.989e+01  8.831e+00  0.000e+00  8.831e+00  0.000e+00  0.000e+00  0.000e+00  3.743e+00  4.975e+00  1.129e-01  0.000e+00  8.343e+02  3.665e+02
 0.2060  2.87268e+01  2.023e+01  8.501e+00  0.000e+00  8.501e+00  0.000e+00  0.000e+00  0.000e+00  4.758e+00  3.614e+00  1.291e-01  0.000e+00  8.482e+02 -8.869e+01
 0.2070  2.87270e+01  2.032e+01  8.412e+00  0.000e+00  8.412e+00  0.000e+00  0.000e+00  0.000e+00  5.183e+00  3.081e+00  1.479e-01  0.000e+00  8.519e+02 -4.104e+02
 0.2080  2.87265e+01  2.041e+01  8.313e+00  0.000e+00  8.313e+00  0.000e+00  0.000e+00  0.000e+00  4.477e+00  3.670e+00  1.662e-01  0.000e+00  8.561e+02 -5.241e+02
 0.2090  2.87260e+01  1.983e+01  8.892e+00  0.000e+00  8.892e+00  0.000e+00  0.000e+00  0.000e+00  3.405e+00  5.307e+00  1.799e-01  0.000e+00  8.317e+02 -4.173e+02
 0.2100  2.87262e+01  1.786e+01  1.087e+01  0.000e+00  1.087e+01  0.000e+00  0.000e+00  0.000e+00  3.183e+00  7.500e+00  1.859e-01  0.000e+00  7.489e+02 -1.409e+02
 0.2110  2.87273e+01  1.490e+01  1.383e+01  0.000e+00  1.383e+01  0.000e+00  0.000e+00  0.000e+00  4.141e+00  9.507e+00  1.827e-01  0.000e+00  6.247e+02  2.075e+02
 0.2120  2.87284e+01  1.256e+01  1.617e+01  0.000e+00  1.617e+01  0.000e+00  0.000e+00  0.000e+00  5.349e+00  1.065e+01  1.717e-01  0.000e+00  5.266e+02  5.143e+02
 0.2130  2.87285e+01  1.242e+01  1.631e+01  0.000e+00  1.631e+01  0.000e+00  0.000e+00  0.000e+00  5.568e+00  1.058e+01  1.564e-01  0.000e+00  5.210e+02  6.864e+02
 0.2140  2.87275e+01  1.466e+01  1.407e+01  0.000e+00  1.407e+01  0.000e+00  0.000e+00  0.000e+00  4.541e+00  9.389e+00  1.420e-01  0.000e+00  6.146e+02  6.793e+02
 0.2150  2.87263e+01  1.782e+01  1.090e+01  0.000e+00  1.090e+01  0.000e+00  0.000e+00  0.000e+00  3.274e+00  7.495e+00  1.332e-01  0.000e+00  7.475e+02  5.102e+02
 0.2160  2.87259e+01  2.014e+01  8.586e+00  0.000e+00  8.586e+00  0.000e+00  0.000e+00  0.000e+00  2.957e+00  5.496e+00  1.332e-01  0.000e+00  8.446e+02  2.504e+02
 0.2170  2.87263e+01  2.089e+01  7.840e+00  0.000e+00  7.840e+00  0.000e+00  0.000e+00  0.000e+00  3.669e+00  4.028e+00  1.431e-01  0.000e+00  8.758e+02  6.811e-01
 0.2180  2.87269e+01  2.064e+01  8.086e+00  0.000e+00  8.086e+00  0.000e+00  0.000e+00  0.000e+00  4.304e+00  3.621e+00  1.619e-01  0.000e+00  8.656e+02 -1.426e+02
 0.2190  2.87269e+01  2.016e+01  8.564e+00  0.000e+00  8.564e+00  0.000e+00  0.000e+00  0.000e+00  3.905e+00  4.473e+00  1.860e-01  0.000e+00  8.455e+02 -1.179e+02
 0.2200  2.87264e+01  1.937e+01  9.354e+00  0.000e+00  9.354e+00  0.000e+00  0.000e+00  0.000e+00  2.897e+00  6.248e+00  2.091e-01  0.000e+00  8.124e+02  8.337e+01
 0.2210  2.87265e+01  1.770e+01  1.102e+01  0.000e+00  1.102e+01  0.000e+00  0.000e+00  0.000e+00  2.642e+00  8.159e+00  2.227e-01  0.000e+00  7.423e+02  4.146e+02
 0.2220  2.87274e+01  1.534e+01  1.339e+01  0.000e+00  1.339e+01  0.000e+00  0.000e+00  0.000e+00  3.774e+00  9.398e+00  2.203e-01  0.000e+00  6.431e+02  7.883e+02
 0.2230  2.87284e+01  1.364e+01  1.509e+01  0.000e+00  1.509e+01  0.000e+00  0.000e+00  0.000e+00  5.313e+00  9.573e+00  2.000e-01  0.000e+00  5.721e+02  1.101e+03
 0.2240  2.87283e+01  1.403e+01  1.469e+01  0.000e+00  1.469e+01  0.000e+00  0.000e+00  0.000e+00  5.701e+00  8.827e+00  1.662e-01  0.000e+00  5.885e+02  1.265e+03
 0.2250  2.87272e+01  1.644e+01  1.228e+01  0.000e+00  1.228e+01  0.000e+00  0.000e+00  0.000e+00  4.544e+00  7.613e+00  1.270e-01  0.000e+00  6.895e+02  1.229e+03
 0.2260  2.87260e+01  1.919e+01  9.538e+00  0.000e+00  9.538e+00  0.000e+00  0.000e+00  0.000e+00  3.056e+00  6.391e+00  9.125e-02  0.000e+00  8.046e+02  9.955e+02
 0.2270  2.87257e+01  2.046e+01  8.261e+00  0.000e+00  8.261e+00  0.000e+00  0.000e+00  0.000e+00  2.717e+00  5.478e+00  6.651e-02  0.000e+00  8.582e+02  6.204e+02
 0.2280  2.87265e+01  1.991e+01  8.820e+00  0.000e+00  8.820e+00  0.000e+00  0.000e+00  0.000e+00  3.694e+00  5.068e+00  5.864e-02  0.000e+00  8.348e+02  1.938e+02
 0.2290  2.87273e+01  1.862e+01  1.011e+01  0.000e+00  1.011e+01  0.000e+00  0.000e+00  0.000e+00  4.764e+00  5.275e+00  7.121e-02  0.000e+00  7.807e+02 -1.830e+02
 0.2300  2.87274e+01  1.778e+01  1.095e+01  0.000e+00  1.095e+01  0.000e+00  0.000e+00  0.000e+00  4.735e+00  6.107e+00  1.037e-01  0.000e+00  7.457e+02 -4.247e+02
 0.2310  2.87269e+01  1.748e+01  1.125e+01  0.000e+00  1.125e+01  0.000e+00  0.000e+00  0.000e+00  3.707e+00  7.393e+00  1.499e-01  0.000e+00  7.329e+02 -4.846e+02
 0.2320  2.87266e+01  1.691e+01  1.182e+01  0.000e+00  1.182e+01  0.000e+00  0.000e+00  0.000e+00  2.825e+00  8.796e+00  1.997e-01  0.000e+00  7.089e+02 -3.658e+02
 0.2330  2.87271e+01  1.564e+01  1.309e+01  0.000e+00  1.309e+01  0.000e+00  0.000e+00  0.000e+00  2.933e+00  9.912e+00  2.415e-01  0.000e+00  6.559e+02 -1.186e+02
 0.2340  2.87279e+01  1.435e+01  1.438e+01  0.000e+00  1.438e+01  0.000e+00  0.000e+00  0.000e+00  3.709e+00  1.041e+01  2.654e-01  0.000e+00  6.017e+02  1.761e+02
 0.2350  2.87283e+01  1.421e+01  1.451e+01  0.000e+00  1.451e+01  0.000e+00  0.000e+00  0.000e+00  4.137e+00  1.011e+01  2.645e-01  0.000e+00  5.960e+02  4.320e+02
 0.2360  2.87278e+01  1.576e+01  1.297e+01  0.000e+00  1.297e+01  0.000e+00  0.000e+00  0.000e+00  3.641e+00  9.094e+00  2.368e-01  0.000e+00  6.607e+02  5.837e+02
 0.2370  2.87270e+01  1.829e+01  1.044e+01  0.000e+00  1.044e+01  0.000e+00  0.000e+00  0.000e+00  2.645e+00  7.607e+00  1.864e-01  0.000e+00  7.669e+02  6.058e+02
 0.2380  2.87265e+01  2.055e+01  8.178e+00  0.000e+00  8.178e+00  0.000e+00  0.000e+00  0.000e+00  2.048e+00  6.006e+00  1.231e-01  0.000e+00  8.617e+02  5.182e+02
 0.2390  2.87266e+01  2.175e+01  6.981e+00  0.000e+00  6.981e+00  0.000e+00  0.000e+00  0.000e+00  2.249e+00  4.670e+00  6.161e-02  0.000e+00  9.119e+02  3.763e+02
 0.2400  2.87268e+01  2.192e+01  6.808e+00  0.000e+00  6.808e+00  0.000e+00  0.000e+00  0.000e+00  2.789e+00  3.999e+00  1.984e-02  0.000e+00  9.192e+02  2.503e+02
 0.2410  2.87267e+01  2.136e+01  7.369e+00  0.000e+00  7.369e+00  0.000e+00  0.000e+00  0.000e+00  2.995e+00  4.361e+00  1.245e-02  0.000e+00  8.957e+02  1.996e+02
 0.2420  2.87265e+01  1.997e+01  8.755e+00  0.000e+00  8.755e+00  0.000e+00  0.000e+00  0.000e+00  2.849e+00  5.863e+00  4.311e-02  0.000e+00  8.375e+02  2.538e+02
 0.2430  2.87267e+01  1.752e+01  1.121e+01  0.000e+00  1.121e+01  0.000e+00  0.000e+00  0.000e+00  2.953e+00  8.150e+00  1.019e-01  0.000e+00  7.347e+02  4.037e+02
 0.2440  2.87275e+01  1.443e+01  1.430e+01  0.000e+00  1.430e+01  0.000e+00  0.000e+00  0.000e+00  3.622e+00  1.051e+01  1.713e-01  0.000e+00  6.050e+02  6.063e+02
 0.2450  2.87284e+01  1.197e+01  1.675e+01  0.000e+00  1.675e+01  0.000e+00  0.000e+00  0.000e+00  4.347e+00  1.217e+01  2.343e-01  0.000e+00  5.022e+02  7.983e+02
 0.2460  2.87285e+01  1.142e+01  1.731e+01  0.000e+00  1.731e+01  0.000e+00  0.000e+00  0.000e+00  4.385e+00  1.264e+01  2.792e-01  0.000e+00  4.790e+02  9.173e+02
 0.2470  2.87278e+01  1.295e+01  1.577e+01  0.000e+00  1.577e+01  0.000e+00  0.000e+00  0.000e+00  3.677e+00  1.180e+01  3.001e-01  0.000e+00  5.432e+02  9.198e+02
 0.2480  2.87270e+01  1.559e+01  1.313e+01  0.000e+00  1.313e+01  0.000e+00  0.000e+00  0.000e+00  2.909e+00  9.930e+00  2.954e-01  0.000e+00  6.539e+02  7.947e+02
 0.2490  2.87266e+01  1.813e+01  1.059e+01  0.000e+00  1.059e+01  0.000e+00  0.000e+00  0.000e+00  2.691e+00  7.636e+00  2.664e-01  0.000e+00  7.604e+02  5.649e+02
 0.2500  2.87266e+01  1.996e+01  8.765e+00  0.000e+00  8.765e+00  0.000e+00  0.000e+00  0.000e+00  2.923e+00  5.626e+00  2.164e-01  0.000e+00  8.371e+02  2.804e+02
 0.2510  2.87267e+01  2.103e+01  7.700e+00  0.000e+00  7.700e+00  0.000e+00  0.000e+00  0.000e+00  3.085e+00  4.463e+00  1.522e-01  0.000e+00  8.817e+02  3.864e+00
 0.2520  2.87265e+01  2.130e+01  7.423e+00  0.000e+00  7.423e+00  0.000e+00  0.000e+00  0.000e+00  2.995e+00  4.341e+00  8.640e-02  0.000e+00  8.934e+02 -2.058e+02
 0.2530  2.87266e+01  2.063e+01  8.101e+00  0.000e+00  8.101e+00  0.000e+00  0.000e+00  0.000e+00  3.029e+00  5.036e+00  3.643e-02  0.000e+00  8.649e+02 -3.079e+02
 0.2540  2.87270e+01  1.910e+01  9.630e+00  0.000e+00  9.630e+00  0.000e+00  0.000e+00  0.000e+00  3.522e+00  6.089e+00  1.857e-02  0.000e+00  8.008e+02 -2.896e+02
 0.2550  2.87277e+01  1.744e+01  1.129e+01  0.000e+00  1.129e+01  0.000e+00  0.000e+00  0.000e+00  4.172e+00  7.076e+00  3.955e-02  0.000e+00  7.313e+02 -1.677e+02
 0.2560  2.87278e+01  1.658e+01  1.215e+01  0.000e+00  1.215e+01  0.000e+00  0.000e+00  0.000e+00  4.256e+00  7.802e+00  9.296e-02  0.000e+00  6.951e+02  1.778e+01
 0.2570  2.87273e+01  1.677e+01  1.196e+01  0.000e+00  1.196e+01  0.000e+00  0.000e+00  0.000e+00  3.476e+00  8.323e+00  1.629e-01  0.000e+00  7.030e+02  2.161e+02
 0.2580  2.87266e+01  1.726e+01  1.147e+01  0.000e+00  1.147e+01  0.000e+00  0.000e+00  0.000e+00  2.422e+00  8.815e+00  2.312e-01  0.000e+00  7.238e+02  3.806e+02
 0.2590  2.87264e+01  1.703e+01  1.170e+01  0.000e+00  1.170e+01  0.000e+00  0.000e+00  0.000e+00  2.043e+00  9.373e+00  2.832e-01  0.000e+00  7.140e+02  4.811e+02
 0.2600  2.87271e+01  1.586e+01  1.286e+01  0.000e+00  1.286e+01  0.000e+00  0.000e+00  0.000e+00  2.653e+00  9.902e+00  3.090e-01  0.000e+00  6.652e+02  5.113e+02
 0.2610  2.87280e+01  1.472e+01  1.401e+01  0.000e+00  1.401e+01  0.000e+00  0.000e+00  0.000e+00  3.568e+00  1.014e+01  3.044e-01  0.000e+00  6.171e+02  4.878e+02
 0.2620  2.87281e+01  1.478e+01  1.395e+01  0.000e+00  1.395e+01  0.000e+00  0.000e+00  0.000e+00  3.842e+00  9.831e+00  2.716e-01  0.000e+00  6.199e+02  4.431e+02
 0.2630  2.87273e+01  1.625e+01  1.248e+01  0.000e+00  1.248e+01  0.000e+00  0.000e+00  0.000e+00  3.324e+00  8.933e+00  2.199e-01  0.000e+00  6.815e+02  4.134e+02
 0.2640  2.87264e+01  1.800e+01  1.073e+01  0.000e+00  1.073e+01  0.000e+00  0.000e+00  0.000e+00  2.870e+00  7.691e+00  1.643e-01  0.000e+00  7.549e+02  4.261e+02
 0.2650  2.87263e+01  1.873e+01  9.993e+00  0.000e+00  9.993e+00  0.000e+00  0.000e+00  0.000e+00  3.392e+00  6.483e+00  1.189e-01  0.000e+00  7.856e+02  4.909e+02
 0.2660  2.87271e+01  1.834e+01  1.039e+01  0.000e+00  1.039e+01  0.000e+00  0.000e+00  0.000e+00  4.712e+00  5.586e+00  9.253e-02  0.000e+00  7.689e+02  5.971e+02
 0.2670  2.87277e+01  1.796e+01  1.077e+01  0.000e+00  1.077e+01  0.000e+00  0.000e+00  0.000e+00  5.570e+00  5.109e+00  8.719e-02  0.000e+00  7.532e+02  7.162e+02
 0.2680  2.87274e+01  1.862e+01  1.011e+01  0.000e+00  1.011e+01  0.000e+00  0.000e+00  0.000e+00  4.959e+00  5.047e+00  1.010e-01  0.000e+00  7.809e+02  8.102e+02
 0.2690  2.87264e+01  1.989e+01  8.841e+00  0.000e+00  8.841e+00  0.000e+00  0.000e+00  0.000e+00  3.348e+00  5.362e+00  1.309e-01  0.000e+00  8.339e+02  8.415e+02
 0.2700  2.87258e+01  2.026e+01  8.468e+00  0.000e+00  8.468e+00  0.000e+00  0.000e+00  0.000e+00  2.299e+00  5.996e+00  1.729e-01  0.000e+00  8.495e+02  7.839e+02
 0.2710  2.87264e+01  1.887e+01  9.858e+00  0.000e+00  9.858e+00  0.000e+00  0.000e+00  0.000e+00  2.777e+00  6.860e+00  2.214e-01  0.000e+00  7.912e+02  6.305e+02
 0.2720  2.87276e+01  1.656e+01  1.217e+01  0.000e+00  1.217e+01  0.000e+00  0.000e+00  0.000e+00  4.058e+00  7.843e+00  2.685e-01  0.000e+00  6.943e+02  3.972e+02
 0.2730  2.87281e+01  1.503e+01  1.370e+01  0.000e+00  1.370e+01  0.000e+00  0.000e+00  0.000e+00  4.569e+00  8.826e+00  3.052e-01  0.000e+00  6.302e+02  1.201e+02
 0.2740  2.87275e+01  1.502e+01  1.370e+01  0.000e+00  1.370e+01  0.000e+00  0.000e+00  0.000e+00  3.711e+00  9.671e+00  3.227e-01  0.000e+00  6.300e+02 -1.506e+02
 0.2750  2.87266e+01  1.565e+01  1.308e+01  0.000e+00  1.308e+01  0.000e+00  0.000e+00  0.000e+00  2.541e+00  1.022e+01  3.166e-01  0.000e+00  6.562e+02 -3.619e+02
 0.2760  2.87266e+01  1.561e+01  1.312e+01  0.000e+00  1.312e+01  0.000e+00  0.000e+00  0.000e+00  2.499e+00  1.033e+01  2.886e-01  0.000e+00  6.545e+02 -4.696e+02
 0.2770  2.87276e+01  1.487e+01  1.386e+01  0.000e+00  1.386e+01  0.000e+00  0.000e+00  0.000e+00  3.699e+00  9.912e+00  2.471e-01  0.000e+00  6.236e+02 -4.496e+02
 0.2780  2.87283e+01  1.477e+01  1.396e+01  0.000e+00  1.396e+01  0.000e+00  0.000e+00  0.000e+00  4.773e+00  8.984e+00  2.033e-01  0.000e+00  6.193e+02 -3.043e+02
 0.2790  2.87279e+01  1.639e+01  1.234e+01  0.000e+00  1.234e+01  0.000e+00  0.000e+00  0.000e+00  4.424e+00  7.747e+00  1.666e-01  0.000e+00  6.873e+02 -6.272e+01
 0.2800  2.87265e+01  1.912e+01  9.612e+00  0.000e+00  9.612e+00  0.000e+00  0.000e+00  0.000e+00  2.891e+00  6.580e+00  1.408e-01  0.000e+00  8.016e+02  2.257e+02
 0.2810  2.87256e+01  2.101e+01  7.719e+00  0.000e+00  7.719e+00  0.000e+00  0.000e+00  0.000e+00  1.709e+00  5.885e+00  1.255e-01  0.000e+00  8.809e+02  5.040e+02
 0.2820  2.87260e+01  2.069e+01  8.040e+00  0.000e+00  8.040e+00  0.000e+00  0.000e+00  0.000e+00  2.039e+00  5.882e+00  1.186e-01  0.000e+00  8.675e+02  7.212e+02
 0.2830  2.87272e+01  1.866e+01  1.006e+01  0.000e+00  1.006e+01  0.000e+00  0.000e+00  0.000e+00  3.429e+00  6.517e+00  1.179e-01  0.000e+00  7.827e+02  8.438e+02
 0.2840  2.87281e+01  1.673e+01  1.200e+01  0.000e+00  1.200e+01  0.000e+00  0.000e+00  0.000e+00  4.356e+00  7.521e+00  1.202e-01  0.000e+00  7.016e+02  8.625e+02
 0.2850  2.87278e+01  1.613e+01  1.260e+01  0.000e+00  1.260e+01  0.000e+00  0.000e+00  0.000e+00  3.930e+00  8.549e+00  1.218e-01  0.000e+00  6.763e+02  7.926e+02
 0.2860  2.87270e+01  1.646e+01  1.227e+01  0.000e+00  1.227e+01  0.000e+00  0.000e+00  0.000e+00  2.856e+00  9.290e+00  1.200e-01  0.000e+00  6.903e+02  6.690e+02
 0.2870  2.87267e+01  1.651e+01  1.222e+01  0.000e+00  1.222e+01  0.000e+00  0.000e+00  0.000e+00  2.566e+00  9.536e+00  1.146e-01  0.000e+00  6.923e+02  5.359e+02
 0.2880  2.87275e+01  1.590e+01  1.283e+01  0.000e+00  1.283e+01  0.000e+00  0.000e+00  0.000e+00  3.510e+00  9.212e+00  1.073e-01  0.000e+00  6.667e+02  4.354e+02
 0.2890  2.87284e+01  1.569e+01  1.304e+01  0.000e+00  1.304e+01  0.000e+00  0.000e+00  0.000e+00  4.558e+00  8.382e+00  1.001e-01  0.000e+00  6.579e+02  3.958e+02
 0.2900  2.87282e+01  1.712e+01  1.161e+01  0.000e+00  1.161e+01  0.000e+00  0.000e+00  0.000e+00  4.242e+00  7.270e+00  9.376e-02  0.000e+00  7.180e+02  4.235e+02
 0.2910  2.87268e+01  1.990e+01  8.824e+00  0.000e+00  8.824e+00  0.000e+00  0.000e+00  0.000e+00  2.485e+00  6.251e+00  8.806e-02  0.000e+00  8.346e+02  5.008e+02
 0.2920  2.87255e+01  2.204e+01  6.685e+00  0.000e+00  6.685e+00  0.000e+00  0.000e+00  0.000e+00  8.346e-01  5.767e+00  8.307e-02  0.000e+00  9.243e+02  5.895e+02
 0.2930  2.87256e+01  2.164e+01  7.081e+00  0.000e+00  7.081e+00  0.000e+00  0.000e+00  0.000e+00  8.683e-01  6.133e+00  7.974e-02  0.000e+00  9.076e+02  6.411e+02
 0.2940  2.87270e+01  1.880e+01  9.930e+00  0.000e+00  9.930e+00  0.000e+00  0.000e+00  0.000e+00  2.484e+00  7.366e+00  7.923e-02  0.000e+00  7.883e+02  6.114e+02
 0.2950  2.87284e+01  1.552e+01  1.321e+01  0.000e+00  1.321e+01  0.000e+00  0.000e+00  0.000e+00  3.986e+00  9.140e+00  8.171e-02  0.000e+00  6.509e+02  4.750e+02
 0.2960  2.87286e+01  1.384e+01  1.489e+01  0.000e+00  1.489e+01  0.000e+00  0.000e+00  0.000e+00  3.923e+00  1.088e+01  8.572e-02  0.000e+00  5.805e+02  2.371e+02
 0.2970  2.87277e+01  1.404e+01  1.469e+01  0.000e+00  1.469e+01  0.000e+00  0.000e+00  0.000e+00  2.654e+00  1.195e+01  8.864e-02  0.000e+00  5.886e+02 -6.329e+01
 0.2980  2.87271e+01  1.488e+01  1.384e+01  0.000e+00  1.384e+01  0.000e+00  0.000e+00  0.000e+00  1.850e+00  1.190e+01  8.817e-02  0.000e+00  6.242e+02 -3.593e+02
 0.2990  2.87275e+01  1.547e+01  1.326e+01  0.000e+00  1.326e+01  0.000e+00  0.000e+00  0.000e+00  2.498e+00  1.068e+01  8.386e-02  0.000e+00  6.486e+02 -5.727e+02
 0.3000  2.87282e+01  1.628e+01  1.245e+01  0.000e+00  1.245e+01  0.000e+00  0.000e+00  0.000e+00  3.724e+00  8.649e+00  7.758e-02  0.000e+00  6.826e+02 -6.363e+02
 0.3010  2.87281e+01  1.833e+01  1.040e+01  0.000e+00  1.040e+01  0.000e+00  0.000e+00  0.000e+00  3.823e+00  6.503e+00  7.225e-02  0.000e+00  7.687e+02 -5.146e+02
 0.3020  2.87267e+01  2.136e+01  7.365e+00  0.000e+00  7.365e+00  0.000e+00  0.000e+00  0.000e+00  2.327e+00  4.968e+00  6.993e-02  0.000e+00  8.958e+02 -2.179e+02
 0.3030  2.87254e+01  2.343e+01  5.291e+00  0.000e+00  5.291e+00  0.000e+00  0.000e+00  0.000e+00  6.849e-01  4.536e+00  7.071e-02  0.000e+00  9.827e+02  1.975e+02
 0.3040  2.87254e+01  2.263e+01  6.095e+00  0.000e+00  6.095e+00  0.000e+00  0.000e+00  0.000e+00  6.952e-01  5.326e+00  7.323e-02  0.000e+00  9.490e+02  6.420e+02
 0.3050  2.87270e+01  1.908e+01  9.643e+00  0.000e+00  9.643e+00  0.000e+00  0.000e+00  0.000e+00  2.492e+00  7.075e+00  7.567e-02  0.000e+00  8.003e+02  1.016e+03
 0.3060  2.87286e+01  1.505e+01  1.368e+01  0.000e+00  1.368e+01  0.000e+00  0.000e+00  0.000e+00  4.357e+00  9.244e+00  7.645e-02  0.000e+00  6.312e+02  1.235e+03
 0.3070  2.87288e+01  1.287e+01  1.586e+01  0.000e+00  1.586e+01  0.000e+00  0.000e+00  0.000e+00  4.584e+00  1.120e+01  7.455e-02  0.000e+00  5.397e+02  1.256e+03
 0.3080  2.87279e+01  1.296e+01  1.577e+01  0.000e+00  1.577e+01  0.000e+00  0.000e+00  0.000e+00  3.308e+00  1.239e+01  6.975e-02  0.000e+00  5.434e+02  1.087e+03
 0.3090  2.87270e+01  1.394e+01  1.479e+01  0.000e+00  1.479e+01  0.000e+00  0.000e+00  0.000e+00  2.255e+00  1.247e+01  6.280e-02  0.000e+00  5.846e+02  7.837e+02
 0.3100  2.87274e+01  1.462e+01  1.411e+01  0.000e+00  1.411e+01  0.000e+00  0.000e+00  0.000e+00  2.699e+00  1.135e+01  5.530e-02  0.000e+00  6.132e+02  4.389e+02
 0.3110  2.87283e+01  1.544e+01  1.329e+01  0.000e+00  1.329e+01  0.000e+00  0.000e+00  0.000e+00  3.938e+00  9.299e+00  4.949e-02  0.000e+00  6.475e+02  1.529e+02
 0.3120  2.87284e+01  1.768e+01  1.105e+01  0.000e+00  1.105e+01  0.000e+00  0.000e+00  0.000e+00  4.117e+00  6.888e+00  4.777e-02  0.000e+00  7.412e+02  5.785e+00
 0.3130  2.87269e+01  2.129e+01  7.435e+00  0.000e+00  7.435e+00  0.000e+00  0.000e+00  0.000e+00  2.541e+00  4.842e+00  5.206e-02  0.000e+00  8.929e+02  3.329e+01
 0.3140  2.87251e+01  2.416e+01  4.561e+00  0.000e+00  4.561e+00  0.000e+00  0.000e+00  0.000e+00  7.610e-01  3.737e+00  6.296e-02  0.000e+00  1.013e+03  2.150e+02
 0.3150  2.87250e+01  2.389e+01  4.834e+00  0.000e+00  4.834e+00  0.000e+00  0.000e+00  0.000e+00  9.568e-01  3.797e+00  7.954e-02  0.000e+00  1.002e+03  4.794e+02
 0.3160  2.87266e+01  2.037e+01  8.355e+00  0.000e+00  8.355e+00  0.000e+00  0.000e+00  0.000e+00  3.369e+00  4.886e+00  9.976e-02  0.000e+00  8.543e+02  7.242e+02
 0.3170  2.87285e+01  1.618e+01  1.255e+01  0.000e+00  1.255e+01  0.000e+00  0.000e+00  0.000e+00  5.788e+00  6.639e+00  1.211e-01  0.000e+00  6.785e+02  8.483e+02
 0.3180  2.87288e+01  1.414e+01  1.459e+01  0.000e+00  1.459e+01  0.000e+00  0.000e+00  0.000e+00  5.846e+00  8.601e+00  1.411e-01  0.000e+00  5.930e+02  7.839e+02
 0.3190  2.87273e+01  1.463e+01  1.410e+01  0.000e+00  1.410e+01  0.000e+00  0.000e+00  0.000e+00  3.622e+00  1.032e+01  1.577e-01  0.000e+00  6.135e+02  5.211e+02
 0.3200  2.87260e+01  1.556e+01  1.316e+01  0.000e+00  1.316e+01  0.000e+00  0.000e+00  0.000e+00  1.612e+00  1.138e+01  1.693e-01  0.000e+00  6.527e+02  1.149e+02
 0.3210  2.87265e+01  1.506e+01  1.367e+01  0.000e+00  1.367e+01  0.000e+00  0.000e+00  0.000e+00  2.011e+00  1.148e+01  1.749e-01  0.000e+00  6.316e+02 -3.280e+02
 0.3220  2.87282e+01  1.376e+01  1.497e+01  0.000e+00  1.497e+01  0.000e+00  0.000e+00  0.000e+00  4.273e+00  1.052e+01  1.742e-01  0.000e+00  5.769e+02 -6.787e+02
 0.3230  2.87291e+01  1.411e+01  1.462e+01  0.000e+00  1.462e+01  0.000e+00  0.000e+00  0.000e+00  5.699e+00  8.751e+00  1.673e-01  0.000e+00  5.918e+02 -8.248e+02
 0.3240  2.87279e+01  1.739e+01  1.134e+01  0.000e+00  1.134e+01  0.000e+00  0.000e+00  0.000e+00  4.489e+00  6.691e+00  1.557e-01  0.000e+00  7.293e+02 -7.046e+02
 0.3250  2.87255e+01  2.177e+01  6.960e+00  0.000e+00  6.960e+00  0.000e+00  0.000e+00  0.000e+00  1.881e+00  4.936e+00  1.433e-01  0.000e+00  9.127e+02 -3.283e+02
 0.3260  2.87244e+01  2.381e+01  4.911e+00  0.000e+00  4.911e+00  0.000e+00  0.000e+00  0.000e+00  8.846e-01  3.892e+00  1.344e-01  0.000e+00  9.986e+02  2.220e+02
 0.3270  2.87256e+01  2.198e+01  6.751e+00  0.000e+00  6.751e+00  0.000e+00  0.000e+00  0.000e+00  2.938e+00  3.681e+00  1.317e-01  0.000e+00  9.215e+02  8.131e+02
 0.3280  2.87279e+01  1.819e+01  1.054e+01  0.000e+00  1.054e+01  0.000e+00  0.000e+00  0.000e+00  6.229e+00  4.176e+00  1.350e-01  0.000e+00  7.627e+02  1.297e+03
 0.3290  2.87289e+01  1.586e+01  1.287e+01  0.000e+00  1.287e+01  0.000e+00  0.000e+00  0.000e+00  7.590e+00  5.137e+00  1.418e-01  0.000e+00  6.651e+02  1.550e+03
 0.3300  2.87276e+01  1.638e+01  1.234e+01  0.000e+00  1.234e+01  0.000e+00  0.000e+00  0.000e+00  5.885e+00  6.310e+00  1.494e-01  0.000e+00  6.870e+02  1.513e+03
 0.3310  2.87257e+01  1.792e+01  1.080e+01  0.000e+00  1.080e+01  0.000e+00  0.000e+00  0.000e+00  3.169e+00  7.476e+00  1.558e-01  0.000e+00  7.516e+02  1.202e+03
 0.3320  2.87254e+01  1.774e+01  1.098e+01  0.000e+00  1.098e+01  0.000e+00  0.000e+00  0.000e+00  2.384e+00  8.438e+00  1.607e-01  0.000e+00  7.440e+02  7.047e+02
 0.3330  2.87271e+01  1.539e+01  1.333e+01  0.000e+00  1.333e+01  0.000e+00  0.000e+00  0.000e+00  4.181e+00  8.987e+00  1.644e-01  0.000e+00  6.456e+02  1.607e+02
 0.3340  2.87289e+01  1.330e+01  1.543e+01  0.000e+00  1.543e+01  0.000e+00  0.000e+00  0.000e+00  6.310e+00  8.956e+00  1.668e-01  0.000e+00  5.576e+02 -2.823e+02
 0.3350  2.87288e+01  1.406e+01  1.467e+01  0.000e+00  1.467e+01  0.000e+00  0.000e+00  0.000e+00  6.143e+00  8.361e+00  1.669e-01  0.000e+00  5.895e+02 -5.076e+02
 0.3360  2.87267e+01  1.748e+01  1.125e+01  0.000e+00  1.125e+01  0.000e+00  0.000e+00  0.000e+00  3.565e+00  7.522e+00  1.637e-01  0.000e+00  7.329e+02 -4.626e+02
 0.3370  2.87247e+01  2.050e+01  8.221e+00  0.000e+00  8.221e+00  0.000e+00  0.000e+00  0.000e+00  1.175e+00  6.887e+00  1.578e-01  0.000e+00  8.598e+02 -1.748e+02
 0.3380  2.87249e+01  2.032e+01  8.403e+00  0.000e+00  8.403e+00  0.000e+00  0.000e+00  0.000e+00  1.561e+00  6.691e+00  1.506e-01  0.000e+00  8.522e+02  2.574e+02
 0.3390  2.87271e+01  1.730e+01  1.143e+01  0.000e+00  1.143e+01  0.000e+00  0.000e+00  0.000e+00  4.474e+00  6.812e+00  1.429e-01  0.000e+00  7.254e+02  6.933e+02
 0.3400  2.87289e+01  1.466e+01  1.407e+01  0.000e+00  1.407e+01  0.000e+00  0.000e+00  0.000e+00  6.997e+00  6.940e+00  1.340e-01  0.000e+00  6.147e+02  9.920e+02
 0.3410  2.87286e+01  1.514e+01  1.359e+01  0.000e+00  1.359e+01  0.000e+00  0.000e+00  0.000e+00  6.635e+00  6.833e+00  1.228e-01  0.000e+00  6.348e+02  1.056e+03
 0.3420  2.87264e+01  1.820e+01  1.053e+01  0.000e+00  1.053e+01  0.000e+00  0.000e+00  0.000e+00  3.965e+00  6.455e+00  1.089e-01  0.000e+00  7.631e+02  8.596e+02
 0.3430  2.87249e+01  2.073e+01  7.993e+00  0.000e+00  7.993e+00  0.000e+00  0.000e+00  0.000e+00  1.938e+00  5.962e+00  9.391e-02  0.000e+00  8.694e+02  4.615e+02
 0.3440  2.87256e+01  2.045e+01  8.271e+00  0.000e+00  8.271e+00  0.000e+00  0.000e+00  0.000e+00  2.609e+00  5.581e+00  8.119e-02  0.000e+00  8.577e+02 -1.673e+01
 0.3450  2.87276e+01  1.823e+01  1.050e+01  0.000e+00  1.050e+01  0.000e+00  0.000e+00  0.000e+00  4.942e+00  5.482e+00  7.386e-02  0.000e+00  7.645e+02 -4.255e+02
 0.3460  2.87286e+01  1.686e+01  1.187e+01  0.000e+00  1.187e+01  0.000e+00  0.000e+00  0.000e+00  6.102e+00  5.698e+00  7.313e-02  0.000e+00  7.068e+02 -6.331e+02
 0.3470  2.87275e+01  1.779e+01  1.094e+01  0.000e+00  1.094e+01  0.000e+00  0.000e+00  0.000e+00  4.722e+00  6.141e+00  7.763e-02  0.000e+00  7.459e+02 -5.654e+02
 0.3480  2.87256e+01  1.952e+01  9.203e+00  0.000e+00  9.203e+00  0.000e+00  0.000e+00  0.000e+00  2.434e+00  6.685e+00  8.492e-02  0.000e+00  8.187e+02 -2.287e+02
 0.3490  2.87251e+01  1.938e+01  9.342e+00  0.000e+00  9.342e+00  0.000e+00  0.000e+00  0.000e+00  2.022e+00  7.226e+00  9.324e-02  0.000e+00  8.128e+02  2.922e+02
 0.3500  2.87265e+01  1.663e+01  1.210e+01  0.000e+00  1.210e+01  0.000e+00  0.000e+00  0.000e+00  4.309e+00  7.688e+00  1.017e-01  0.000e+00  6.973e+02  8.582e+02
 0.3510  2.87285e+01  1.340e+01  1.532e+01  0.000e+00  1.532e+01  0.000e+00  0.000e+00  0.000e+00  7.213e+00  8.000e+00  1.099e-01  0.000e+00  5.621e+02  1.316e+03
 0.3520  2.87289e+01  1.255e+01  1.617e+01  0.000e+00  1.617e+01  0.000e+00  0.000e+00  0.000e+00  7.950e+00  8.107e+00  1.170e-01  0.000e+00  5.265e+02  1.539e+03
 0.3530  2.87275e+01  1.471e+01  1.402e+01  0.000e+00  1.402e+01  0.000e+00  0.000e+00  0.000e+00  5.928e+00  7.970e+00  1.216e-01  0.000e+00  6.168e+02  1.469e+03
 0.3540  2.87258e+01  1.780e+01  1.093e+01  0.000e+00  1.093e+01  0.000e+00  0.000e+00  0.000e+00  3.225e+00  7.578e+00  1.219e-01  0.000e+00  7.464e+02  1.122e+03
 0.3550  2.87256e+01  1.935e+01  9.371e+00  0.000e+00  9.371e+00  0.000e+00  0.000e+00  0.000e+00  2.290e+00  6.964e+00  1.166e-01  0.000e+00  8.116e+02  5.942e+02
 0.3560  2.87268e+01  1.895e+01  9.779e+00  0.000e+00  9.779e+00  0.000e+00  0.000e+00  0.000e+00  3.460e+00  6.213e+00  1.051e-01  0.000e+00  7.946e+02  2.634e+01
 0.3570  2.87279e+01  1.826e+01  1.047e+01  0.000e+00  1.047e+01  0.000e+00  0.000e+00  0.000e+00  4.900e+00  5.481e+00  8.838e-02  0.000e+00  7.657e+02 -4.301e+02
 0.3580  2.87277e+01  1.887e+01  9.855e+00  0.000e+00  9.855e+00  0.000e+00  0.000e+00  0.000e+00  4.795e+00  4.992e+00  6.906e-02  0.000e+00  7.914e+02 -6.579e+02
 0.3590  2.87263e+01  2.040e+01  8.323e+00  0.000e+00  8.323e+00  0.000e+00  0.000e+00  0.000e+00  3.292e+00  4.978e+00  5.279e-02  0.000e+00  8.556e+02 -6.069e+02
 0.3600  2.87255e+01  2.098e+01  7.747e+00  0.000e+00  7.747e+00  0.000e+00  0.000e+00  0.000e+00  2.182e+00  5.517e+00  4.777e-02  0.000e+00  8.797e+02 -3.083e+02
 0.3610  2.87261e+01  1.942e+01  9.301e+00  0.000e+00  9.301e+00  0.000e+00  0.000e+00  0.000e+00  2.828e+00  6.411e+00  6.134e-02  0.000e+00  8.146e+02  1.360e+02
 0.3620  2.87276e+01  1.671e+01  1.202e+01  0.000e+00  1.202e+01  0.000e+00  0.000e+00  0.000e+00  4.650e+00  7.271e+00  9.465e-02  0.000e+00  7.008e+02  5.839e+02
 0.3630  2.87284e+01  1.504e+01  1.369e+01  0.000e+00  1.369e+01  0.000e+00  0.000e+00  0.000e+00  5.792e+00  7.754e+00  1.406e-01  0.000e+00  6.308e+02  8.966e+02
 0.3640  2.87277e+01  1.561e+01  1.312e+01  0.000e+00  1.312e+01  0.000e+00  0.000e+00  0.000e+00  5.162e+00  7.769e+00  1.876e-01  0.000e+00  6.546e+02  9.809e+02
 0.3650  2.87263e+01  1.744e+01  1.129e+01  0.000e+00  1.129e+01  0.000e+00  0.000e+00  0.000e+00  3.571e+00  7.492e+00  2.256e-01  0.000e+00  7.312e+02  8.177e+02
 0.3660  2.87257e+01  1.849e+01  1.023e+01  0.000e+00  1.023e+01  0.000e+00  0.000e+00  0.000e+00  2.748e+00  7.234e+00  2.491e-01  0.000e+00  7.756e+02  4.664e+02
 0.3670  2.87264e+01  1.781e+01  1.092e+01  0.000e+00  1.092e+01  0.000e+00  0.000e+00  0.000e+00  3.429e+00  7.232e+00  2.576e-01  0.000e+00  7.468e+02  4.574e+01
 0.3680  2.87275e+01  1.629e+01  1.244e+01  0.000e+00  1.244e+01  0.000e+00  0.000e+00  0.000e+00  4.671e+00  7.511e+00  2.535e-01  0.000e+00  6.832e+02 -3.034e+02
 0.3690  2.87279e+01  1.556e+01  1.317e+01  0.000e+00  1.317e+01  0.000e+00  0.000e+00  0.000e+00  5.049e+00  7.879e+00  2.409e-01  0.000e+00  6.524e+02 -4.614e+02
 0.3700  2.87273e+01  1.616e+01  1.256e+01  0.000e+00  1.256e+01  0.000e+00  0.000e+00  0.000e+00  4.278e+00  8.061e+00  2.235e-01  0.000e+00  6.779e+02 -3.658e+02
 0.3710  2.87265e+01  1.724e+01  1.149e+01  0.000e+00  1.149e+01  0.000e+00  0.000e+00  0.000e+00  3.428e+00  7.856e+00  2.043e-01  0.000e+00  7.229e+02 -3.019e+01
 0.3720  2.87264e+01  1.766e+01  1.107e+01  0.000e+00  1.107e+01  0.000e+00  0.000e+00  0.000e+00  3.641e+00  7.239e+00  1.865e-01  0.000e+00  7.406e+02  4.607e+02
 0.3730  2.87270e+01  1.733e+01  1.140e+01  0.000e+00  1.140e+01  0.000e+00  0.000e+00  0.000e+00  4.864e+00  6.356e+00  1.754e-01  0.000e+00  7.268e+02  9.754e+02
 0.3740  2.87275e+01  1.714e+01  1.159e+01  0.000e+00  1.159e+01  0.000e+00  0.000e+00  0.000e+00  5.971e+00  5.439e+00  1.764e-01  0.000e+00  7.188e+02  1.373e+03
 0.3750  2.87273e+01  1.785e+01  1.088e+01  0.000e+00  1.088e+01  0.000e+00  0.000e+00  0.000e+00  5.983e+00  4.701e+00  1.930e-01  0.000e+00  7.486e+02  1.542e+03
 0.3760  2.87267e+01  1.925e+01  9.480e+00  0.000e+00  9.480e+00  0.000e+00  0.000e+00  0.000e+00  4.961e+00  4.294e+00  2.248e-01  0.000e+00  8.071e+02  1.433e+03
 0.3770  2.87262e+01  2.039e+01  8.333e+00  0.000e+00  8.333e+00  0.000e+00  0.000e+00  0.000e+00  3.744e+00  4.321e+00  2.672e-01  0.000e+00  8.552e+02  1.069e+03
 0.3780  2.87262e+01  2.050e+01  8.222e+00  0.000e+00  8.222e+00  0.000e+00  0.000e+00  0.000e+00  3.050e+00  4.860e+00  3.127e-01  0.000e+00  8.598e+02  5.386e+02
 0.3790  2.87265e+01  1.946e+01  9.267e+00  0.000e+00  9.267e+00  0.000e+00  0.000e+00  0.000e+00  2.995e+00  5.919e+00  3.523e-01  0.000e+00  8.160e+02 -2.743e+01
 0.3800  2.87269e+01  1.766e+01  1.107e+01  0.000e+00  1.107e+01  0.000e+00  0.000e+00  0.000e+00  3.356e+00  7.338e+00  3.772e-01  0.000e+00  7.404e+02 -4.915e+02
 0.3810  2.87273e+01  1.568e+01  1.305e+01  0.000e+00  1.305e+01  0.000e+00  0.000e+00  0.000e+00  3.913e+00  8.757e+00  3.813e-01  0.000e+00  6.574e+02 -7.452e+02
 0.3820  2.87277e+01  1.417e+01  1.455e+01  0.000e+00  1.455e+01  0.000e+00  0.000e+00  0.000e+00  4.437e+00  9.753e+00  3.637e-01  0.000e+00  5.944e+02 -7.377e+02
 0.3830  2.87278e+01  1.377e+01  1.496e+01  0.000e+00  1.496e+01  0.000e+00  0.000e+00  0.000e+00  4.604e+00  1.002e+01  3.300e-01  0.000e+00  5.775e+02 -4.872e+02
 0.3840  2.87275e+01  1.470e+01  1.402e+01  0.000e+00  1.402e+01  0.000e+00  0.000e+00  0.000e+00  4.259e+00  9.474e+00  2.905e-01  0.000e+00  6.166e+02 -7.471e+01
 0.3850  2.87268e+01  1.651e+01  1.221e+01  0.000e+00  1.221e+01  0.000e+00  0.000e+00  0.000e+00  3.753e+00  8.207e+00  2.553e-01  0.000e+00  6.924e+02  3.809e+02
 0.3860  2.87264e+01  1.825e+01  1.047e+01  0.000e+00  1.047e+01  0.000e+00  0.000e+00  0.000e+00  3.759e+00  6.484e+00  2.295e-01  0.000e+00  7.655e+02  7.567e+02
 0.3870  2.87264e+01  1.928e+01  9.446e+00  0.000e+00  9.446e+00  0.000e+00  0.000e+00  0.000e+00  4.519e+00  4.713e+00  2.141e-01  0.000e+00  8.085e+02  9.597e+02
 0.3880  2.87268e+01  1.974e+01  8.984e+00  0.000e+00  8.984e+00  0.000e+00  0.000e+00  0.000e+00  5.390e+00  3.386e+00  2.080e-01  0.000e+00  8.279e+02  9.516e+02
 0.3890  2.87269e+01  2.019e+01  8.541e+00  0.000e+00  8.541e+00  0.000e+00  0.000e+00  0.000e+00  5.399e+00  2.931e+00  2.107e-01  0.000e+00  8.465e+02  7.566e+02
 0.3900  2.87263e+01  2.059e+01  8.133e+00  0.000e+00  8.133e+00  0.000e+00  0.000e+00  0.000e+00  4.386e+00  3.525e+00  2.216e-01  0.000e+00  8.636e+02  4.515e+02
 0.3910  2.87257e+01  2.009e+01  8.633e+00  0.000e+00  8.633e+00  0.000e+00  0.000e+00  0.000e+00  3.415e+00  4.979e+00  2.395e-01  0.000e+00  8.426e+02  1.416e+02
 0.3920  2.87261e+01  1.793e+01  1.080e+01  0.000e+00  1.080e+01  0.000e+00  0.000e+00  0.000e+00  3.740e+00  6.799e+00  2.603e-01  0.000e+00  7.518e+02 -7.160e+01
 0.3930  2.87275e+01  1.475e+01  1.398e+01  0.000e+00  1.398e+01  0.000e+00  0.000e+00  0.000e+00  5.311e+00  8.391e+00  2.772e-01  0.000e+00  6.185e+02 -1.195e+02
 0.3940  2.87286e+01  1.256e+01  1.617e+01  0.000e+00  1.617e+01  0.000e+00  0.000e+00  0.000e+00  6.572e+00  9.313e+00  2.824e-01  0.000e+00  5.268e+02  1.478e+01
 0.3950  2.87283e+01  1.298e+01  1.575e+01  0.000e+00  1.575e+01  0.000e+00  0.000e+00  0.000e+00  6.040e+00  9.438e+00  2.706e-01  0.000e+00  5.443e+02  2.924e+02
 0.3960  2.87267e+01  1.549e+01  1.324e+01  0.000e+00  1.324e+01  0.000e+00  0.000e+00  0.000e+00  4.085e+00  8.909e+00  2.418e-01  0.000e+00  6.496e+02  6.313e+02
 0.3970  2.87255e+01  1.781e+01  1.092e+01  0.000e+00  1.092e+01  0.000e+00  0.000e+00  0.000e+00  2.779e+00  7.938e+00  2.014e-01  0.000e+00  7.467e+02  9.307e+02
 0.3980  2.87259e+01  1.818e+01  1.055e+01  0.000e+00  1.055e+01  0.000e+00  0.000e+00  0.000e+00  3.685e+00  6.704e+00  1.583e-01  0.000e+00  7.623e+02  1.100e+03
 0.3990  2.87275e+01  1.725e+01  1.148e+01  0.000e+00  1.148e+01  0.000e+00  0.000e+00  0.000e+00  5.955e+00  5.399e+00  1.215e-01  0.000e+00  7.235e+02  1.083e+03
 0.4000  2.87283e+01  1.727e+01  1.145e+01  0.000e+00  1.145e+01  0.000e+00  0.000e+00  0.000e+00  7.062e+00  4.293e+00  9.801e-02  0.000e+00  7.244e+02  8.744e+02
 0.4010  2.87272e+01  1.935e+01  9.378e+00  0.000e+00  9.378e+00  0.000e+00  0.000e+00  0.000e+00  5.581e+00  3.706e+00  9.091e-02  0.000e+00  8.114e+02  5.202e+02
 0.4020  2.87252e+01  2.183e+01  6.900e+00  0.000e+00  6.900e+00  0.000e+00  0.000e+00  0.000e+00  2.935e+00  3.865e+00  9.945e-02  0.000e+00  9.153e+02  1.048e+02
 0.4030  2.87246e+01  2.185e+01  6.880e+00  0.000e+00  6.880e+00  0.000e+00  0.000e+00  0.000e+00  1.992e+00  4.768e+00  1.202e-01  0.000e+00  9.161e+02 -2.713e+02
 0.4040  2.87262e+01  1.854e+01  1.018e+01  0.000e+00  1.018e+01  0.000e+00  0.000e+00  0.000e+00  3.885e+00  6.150e+00  1.480e-01  0.000e+00  7.776e+02 -5.183e+02
 0.4050  2.87286e+01  1.433e+01  1.440e+01  0.000e+00  1.440e+01  0.000e+00  0.000e+00  0.000e+00  6.628e+00  7.594e+00  1.763e-01  0.000e+00  6.009e+02 -5.804e+02
 0.4060  2.87293e+01  1.264e+01  1.609e+01  0.000e+00  1.609e+01  0.000e+00  0.000e+00  0.000e+00  7.211e+00  8.680e+00  1.975e-01  0.000e+00  5.301e+02 -4.498e+02
 0.4070  2.87276e+01  1.446e+01  1.427e+01  0.000e+00  1.427e+01  0.000e+00  0.000e+00  0.000e+00  4.944e+00  9.119e+00  2.057e-01  0.000e+00  6.064e+02 -1.669e+02
 0.4080  2.87254e+01  1.737e+01  1.135e+01  0.000e+00  1.135e+01  0.000e+00  0.000e+00  0.000e+00  2.327e+00  8.827e+00  1.990e-01  0.000e+00  7.285e+02  1.922e+02
 0.4090  2.87251e+01  1.825e+01  1.047e+01  0.000e+00  1.047e+01  0.000e+00  0.000e+00  0.000e+00  2.355e+00  7.937e+00  1.787e-01  0.000e+00  7.655e+02  5.372e+02
 0.4100  2.87269e+01  1.669e+01  1.203e+01  0.000e+00  1.203e+01  0.000e+00  0.000e+00  0.000e+00  5.160e+00  6.726e+00  1.474e-01  0.000e+00  7.000e+02  7.875e+02
 0.4110  2.87288e+01  1.538e+01  1.335e+01  0.000e+00  1.335e+01  0.000e+00  0.000e+00  0.000e+00  7.725e+00  5.517e+00  1.090e-01  0.000e+00  6.448e+02  8.935e+02
 0.4120  2.87283e+01  1.692e+01  1.181e+01  0.000e+00  1.181e+01  0.000e+00  0.000e+00  0.000e+00  7.149e+00  4.591e+00  6.918e-02  0.000e+00  7.095e+02  8.476e+02
 0.4130  2.87259e+01  2.062e+01  8.102e+00  0.000e+00  8.102e+00  0.000e+00  0.000e+00  0.000e+00  3.931e+00  4.136e+00  3.494e-02  0.000e+00  8.649e+02  6.840e+02
 0.4140  2.87240e+01  2.290e+01  5.824e+00  0.000e+00  5.824e+00  0.000e+00  0.000e+00  0.000e+00  1.571e+00  4.239e+00  1.333e-02  0.000e+00  9.603e+02  4.668e+02
 0.4150  2.87249e+01  2.108e+01  7.643e+00  0.000e+00  7.643e+00  0.000e+00  0.000e+00  0.000e+00  2.747e+00  4.887e+00  9.571e-03  0.000e+00  8.841e+02  2.699e+02
 0.4160  2.87278e+01  1.652e+01  1.221e+01  0.000e+00  1.221e+01  0.000e+00  0.000e+00  0.000e+00  6.253e+00  5.934e+00  2.534e-02  0.000e+00  6.926e+02  1.559e+02
 0.4170  2.87297e+01  1.337e+01  1.536e+01  0.000e+00  1.536e+01  0.000e+00  0.000e+00  0.000e+00  8.228e+00  7.073e+00  5.700e-02  0.000e+00  5.608e+02  1.583e+02
 0.4180  2.87286e+01  1.431e+01  1.442e+01  0.000e+00  1.442e+01  0.000e+00  0.000e+00  0.000e+00  6.408e+00  7.913e+00  9.553e-02  0.000e+00  6.002e+02  2.726e+02
 0.4190  2.87258e+01  1.772e+01  1.101e+01  0.000e+00  1.101e+01  0.000e+00  0.000e+00  0.000e+00  2.688e+00  8.192e+00  1.303e-01  0.000e+00  7.429e+02  4.582e+02
 0.4200  2.87245e+01  1.961e+01  9.119e+00  0.000e+00  9.119e+00  0.000e+00  0.000e+00  0.000e+00  1.074e+00  7.890e+00  1.538e-01  0.000e+00  8.222e+02  6.503e+02
 0.4210  2.87260e+01  1.812e+01  1.060e+01  0.000e+00  1.060e+01  0.000e+00  0.000e+00  0.000e+00  3.270e+00  7.171e+00  1.635e-01  0.000e+00  7.599e+02  7.807e+02
 0.4220  2.87286e+01  1.551e+01  1.321e+01  0.000e+00  1.321e+01  0.000e+00  0.000e+00  0.000e+00  6.780e+00  6.275e+00  1.601e-01  0.000e+00  6.506e+02  7.979e+02
 0.4230  2.87291e+01  1.543e+01  1.330e+01  0.000e+00  1.330e+01  0.000e+00  0.000e+00  0.000e+00  7.655e+00  5.502e+00  1.461e-01  0.000e+00  6.469e+02  6.827e+02
 0.4240  2.87268e+01  1.855e+01  1.017e+01  0.000e+00  1.017e+01  0.000e+00  0.000e+00  0.000e+00  4.893e+00  5.156e+00  1.256e-01  0.000e+00  7.780e+02  4.537e+02
 0.4250  2.87242e+01  2.161e+01  7.118e+00  0.000e+00  7.118e+00  0.000e+00  0.000e+00  0.000e+00  1.582e+00  5.432e+00  1.037e-01  0.000e+00  9.061e+02  1.627e+02
 0.4260  2.87243e+01  2.088e+01  7.842e+00  0.000e+00  7.842e+00  0.000e+00  0.000e+00  0.000e+00  1.452e+00  6.304e+00  8.589e-02  0.000e+00  8.757e+02 -1.195e+02
 0.4270  2.87271e+01  1.648e+01  1.225e+01  0.000e+00  1.225e+01  0.000e+00  0.000e+00  0.000e+00  4.681e+00  7.490e+00  7.792e-02  0.000e+00  6.910e+02 -3.221e+02
 0.4280  2.87297e+01  1.246e+01  1.627e+01  0.000e+00  1.627e+01  0.000e+00  0.000e+00  0.000e+00  7.660e+00  8.529e+00  8.350e-02  0.000e+00  5.224e+02 -3.931e+02
 0.4290  2.87294e+01  1.266e+01  1.607e+01  0.000e+00  1.607e+01  0.000e+00  0.000e+00  0.000e+00  7.008e+00  8.960e+00  1.017e-01  0.000e+00  5.309e+02 -3.124e+02
 0.4300  2.87266e+01  1.667e+01  1.206e+01  0.000e+00  1.206e+01  0.000e+00  0.000e+00  0.000e+00  3.378e+00  8.551e+00  1.273e-01  0.000e+00  6.991e+02 -9.669e+01
 0.4310  2.87242e+01  2.034e+01  8.387e+00  0.000e+00  8.387e+00  0.000e+00  0.000e+00  0.000e+00  8.082e-01  7.425e+00  1.541e-01  0.000e+00  8.528e+02  2.049e+02
 0.4320  2.87248e+01  2.026e+01  8.467e+00  0.000e+00  8.467e+00  0.000e+00  0.000e+00  0.000e+00  2.309e+00  5.979e+00  1.785e-01  0.000e+00  8.495e+02  5.235e+02
 0.4330  2.87276e+01  1.736e+01  1.137e+01  0.000e+00  1.137e+01  0.000e+00  0.000e+00  0.000e+00  6.515e+00  4.658e+00  1.982e-01  0.000e+00  7.278e+02  7.878e+02
 0.4340  2.87294e+01  1.568e+01  1.305e+01  0.000e+00  1.305e+01  0.000e+00  0.000e+00  0.000e+00  9.072e+00  3.770e+00  2.124e-01  0.000e+00  6.573e+02  9.421e+02
 0.4350  2.87281e+01  1.776e+01  1.097e+01  0.000e+00  1.097e+01  0.000e+00  0.000e+00  0.000e+00  7.316e+00  3.429e+00  2.205e-01  0.000e+00  7.449e+02  9.596e+02
 0.4360  2.87251e+01  2.172e+01  7.006e+00  0.000e+00  7.006e+00  0.000e+00  0.000e+00  0.000e+00  3.166e+00  3.618e+00  2.223e-01  0.000e+00  9.108e+02  8.484e+02
 0.4370  2.87236e+01  2.316e+01  5.567e+00  0.000e+00  5.567e+00  0.000e+00  0.000e+00  0.000e+00  1.059e+00  4.290e+00  2.185e-01  0.000e+00  9.711e+02  6.476e+02
 0.4380  2.87254e+01  1.995e+01  8.775e+00  0.000e+00  8.775e+00  0.000e+00  0.000e+00  0.000e+00  3.153e+00  5.412e+00  2.105e-01  0.000e+00  8.366e+02  4.155e+02
 0.4390  2.87285e+01  1.460e+01  1.413e+01  0.000e+00  1.413e+01  0.000e+00  0.000e+00  0.000e+00  7.032e+00  6.898e+00  2.006e-01  0.000e+00  6.122e+02  2.134e+02
 0.4400  2.87298e+01  1.164e+01  1.709e+01  0.000e+00  1.709e+01  0.000e+00  0.000e+00  0.000e+00  8.393e+00  8.503e+00  1.913e-01  0.000e+00  4.882e+02  8.884e+01
 0.4410  2.87281e+01  1.298e+01  1.575e+01  0.000e+00  1.575e+01  0.000e+00  0.000e+00  0.000e+00  5.730e+00  9.833e+00  1.838e-01  0.000e+00  5.444e+02  6.417e+01
 0.4420  2.87254e+01  1.614e+01  1.258e+01  0.000e+00  1.258e+01  0.000e+00  0.000e+00  0.000e+00  1.886e+00  1.052e+01  1.776e-01  0.000e+00  6.770e+02  1.309e+02
 0.4430  2.87248e+01  1.729e+01  1.144e+01  0.000e+00  1.144e+01  0.000e+00  0.000e+00  0.000e+00  8.836e-01  1.038e+01  1.722e-01  0.000e+00  7.250e+02  2.535e+02
 0.4440  2.87268e+01  1.551e+01  1.321e+01  0.000e+00  1.321e+01  0.000e+00  0.000e+00  0.000e+00  3.612e+00  9.434e+00  1.674e-01  0.000e+00  6.506e+02  3.815e+02
 0.4450  2.87291e+01  1.374e+01  1.499e+01  0.000e+00  1.499e+01  0.000e+00  0.000e+00  0.000e+00  6.999e+00  7.823e+00  1.632e-01  0.000e+00  5.763e+02  4.657e+02
 0.4460  2.87290e+01  1.531e+01  1.342e+01  0.000e+00  1.342e+01  0.000e+00  0.000e+00  0.000e+00  7.440e+00  5.817e+00  1.599e-01  0.000e+00  6.421e+02  4.734e+02
 0.4470  2.87265e+01  2.008e+01  8.646e+00  0.000e+00  8.646e+00  0.000e+00  0.000e+00  0.000e+00  4.651e+00  3.837e+00  1.583e-01  0.000e+00  8.421e+02  3.979e+02
 0.4480  2.87241e+01  2.433e+01  4.389e+00  0.000e+00  4.389e+00  0.000e+00  0.000e+00  0.000e+00  1.803e+00  2.426e+00  1.595e-01  0.000e+00  1.020e+03  2.599e+02
 0.4490  2.87243e+01  2.456e+01  4.169e+00  0.000e+00  4.169e+00  0.000e+00  0.000e+00  0.000e+00  1.928e+00  2.077e+00  1.634e-01  0.000e+00  1.030e+03  9.993e+01
 0.4500  2.87268e+01  2.097e+01  7.754e+00  0.000e+00  7.754e+00  0.000e+00  0.000e+00  0.000e+00  4.610e+00  2.976e+00  1.682e-01  0.000e+00  8.795e+02 -3.356e+01
 0.4510  2.87288e+01  1.712e+01  1.161e+01  0.000e+00  1.161e+01  0.000e+00  0.000e+00  0.000e+00  6.589e+00  4.845e+00  1.710e-01  0.000e+00  7.181e+02 -9.825e+01
 0.4520  2.87284e+01  1.599e+01  1.274e+01  0.000e+00  1.274e+01  0.000e+00  0.000e+00  0.000e+00  5.508e+00  7.064e+00  1.696e-01  0.000e+00  6.704e+02 -6.985e+01
 0.4530  2.87263e+01  1.699e+01  1.173e+01  0.000e+00  1.173e+01  0.000e+00  0.000e+00  0.000e+00  2.583e+00  8.986e+00  1.642e-01  0.000e+00  7.126e+02  5.082e+01
 0.4540  2.87251e+01  1.712e+01  1.161e+01  0.000e+00  1.161e+01  0.000e+00  0.000e+00  0.000e+00  1.242e+00  1.021e+01  1.565e-01  0.000e+00  7.178e+02  2.381e+02
 0.4550  2.87263e+01  1.469e+01  1.403e+01  0.000e+00  1.403e+01  0.000e+00  0.000e+00  0.000e+00  3.273e+00  1.061e+01  1.480e-01  0.000e+00  6.161e+02  4.493e+02
 0.4560  2.87287e+01  1.156e+01  1.717e+01  0.000e+00  1.717e+01  0.000e+00  0.000e+00  0.000e+00  6.766e+00  1.026e+01  1.392e-01  0.000e+00  4.849e+02  6.368e+02
 0.4570  2.87295e+01  1.116e+01  1.757e+01  0.000e+00  1.757e+01  0.000e+00  0.000e+00  0.000e+00  8.160e+00  9.280e+00  1.300e-01  0.000e+00  4.679e+02  7.614e+02
 0.4580  2.87278e+01  1.466e+01  1.407e+01  0.000e+00  1.407e+01  0.000e+00  0.000e+00  0.000e+00  6.102e+00  7.847e+00  1.209e-01  0.000e+00  6.147e+02  8.027e+02
 0.4590  2.87253e+01  1.952e+01  9.205e+00  0.000e+00  9.205e+00  0.000e+00  0.000e+00  0.000e+00  2.880e+00  6.212e+00  1.137e-01  0.000e+00  8.186e+02  7.632e+02
 0.4600  2.87245e+01  2.201e+01  6.713e+00  0.000e+00  6.713e+00  0.000e+00  0.000e+00  0.000e+00  1.886e+00  4.716e+00  1.111e-01  0.000e+00  9.230e+02  6.653e+02
 0.4610  2.87261e+01  2.095e+01  7.772e+00  0.000e+00  7.772e+00  0.000e+00  0.000e+00  0.000e+00  3.932e+00  3.725e+00  1.158e-01  0.000e+00  8.787e+02  5.432e+02
 0.4620  2.87281e+01  1.862e+01  1.011e+01  0.000e+00  1.011e+01  0.000e+00  0.000e+00  0.000e+00  6.494e+00  3.491e+00  1.275e-01  0.000e+00  7.806e+02  4.314e+02
 0.4630  2.87283e+01  1.792e+01  1.081e+01  0.000e+00  1.081e+01  0.000e+00  0.000e+00  0.000e+00  6.618e+00  4.047e+00  1.418e-01  0.000e+00  7.516e+02  3.546e+02
 0.4640  2.87267e+01  1.921e+01  9.512e+00  0.000e+00  9.512e+00  0.000e+00  0.000e+00  0.000e+00  4.149e+00  5.211e+00  1.516e-01  0.000e+00  8.058e+02  3.210e+02
 0.4650  2.87252e+01  2.014e+01  8.585e+00  0.000e+00  8.585e+00  0.000e+00  0.000e+00  0.000e+00  1.746e+00  6.688e+00  1.513e-01  0.000e+00  8.446e+02  3.212e+02
 0.4660  2.87257e+01  1.859e+01  1.013e+01  0.000e+00  1.013e+01  0.000e+00  0.000e+00  0.000e+00  1.836e+00  8.155e+00  1.402e-01  0.000e+00  7.798e+02  3.340e+02
 0.4670  2.87277e+01  1.526e+01  1.347e+01  0.000e+00  1.347e+01  0.000e+00  0.000e+00  0.000e+00  4.040e+00  9.304e+00  1.214e-01  0.000e+00  6.400e+02  3.343e+02
 0.4680  2.87290e+01  1.298e+01  1.575e+01  0.000e+00  1.575e+01  0.000e+00  0.000e+00  0.000e+00  5.798e+00  9.852e+00  9.966e-02  0.000e+00  5.443e+02  3.033e+02
 0.4690  2.87285e+01  1.376e+01  1.497e+01  0.000e+00  1.497e+01  0.000e+00  0.000e+00  0.000e+00  5.288e+00  9.599e+00  7.958e-02  0.000e+00  5.771e+02  2.360e+02
 0.4700  2.87266e+01  1.679e+01  1.194e+01  0.000e+00  1.194e+01  0.000e+00  0.000e+00  0.000e+00  3.313e+00  8.563e+00  6.487e-02  0.000e+00  7.039e+02  1.433e+02
 0.4710  2.87255e+01  1.940e+01  9.329e+00  0.000e+00  9.329e+00  0.000e+00  0.000e+00  0.000e+00  2.198e+00  7.073e+00  5.730e-02  0.000e+00  8.134e+02  4.874e+01
 0.4720  2.87260e+01  1.985e+01  8.877e+00  0.000e+00  8.877e+00  0.000e+00  0.000e+00  0.000e+00  3.133e+00  5.686e+00  5.706e-02  0.000e+00  8.324e+02 -1.932e+01
 0.4730  2.87273e+01  1.881e+01  9.914e+00  0.000e+00  9.914e+00  0.000e+00  0.000e+00  0.000e+00  4.917e+00  4.933e+00  6.395e-02  0.000e+00  7.889e+02 -3.641e+01
 0.4740  2.87279e+01  1.819e+01  1.054e+01  0.000e+00  1.054e+01  0.000e+00  0.000e+00  0.000e+00  5.404e+00  5.060e+00  7.763e-02  0.000e+00  7.626e+02  1.050e+01
 0.4750  2.87270e+01  1.874e+01  9.990e+00  0.000e+00  9.990e+00  0.000e+00  0.000e+00  0.000e+00  3.970e+00  5.923e+00  9.688e-02  0.000e+00  7.857e+02  1.188e+02
 0.4760  2.87259e+01  1.929e+01  9.439e+00  0.000e+00  9.439e+00  0.000e+00  0.000e+00  0.000e+00  2.214e+00  7.105e+00  1.190e-01  0.000e+00  8.088e+02  2.702e+02
 0.4770  2.87260e+01  1.827e+01  1.045e+01  0.000e+00  1.045e+01  0.000e+00  0.000e+00  0.000e+00  2.144e+00  8.170e+00  1.395e-01  0.000e+00  7.662e+02  4.339e+02
 0.4780  2.87274e+01  1.584e+01  1.288e+01  0.000e+00  1.288e+01  0.000e+00  0.000e+00  0.000e+00  3.882e+00  8.848e+00  1.527e-01  0.000e+00  6.644e+02  5.746e+02
 0.4790  2.87286e+01  1.402e+01  1.471e+01  0.000e+00  1.471e+01  0.000e+00  0.000e+00  0.000e+00  5.524e+00  9.034e+00  1.540e-01  0.000e+00  5.878e+02  6.621e+02
 0.4800  2.87284e+01  1.460e+01  1.413e+01  0.000e+00  1.413e+01  0.000e+00  0.000e+00  0.000e+00  5.298e+00  8.688e+00  1.413e-01  0.000e+00  6.123e+02  6.811e+02
 0.4810  2.87269e+01  1.727e+01  1.145e+01  0.000e+00  1.145e+01  0.000e+00  0.000e+00  0.000e+00  3.521e+00  7.816e+00  1.174e-01  0.000e+00  7.243e+02  6.355e+02
 0.4820  2.87258e+01  1.991e+01  8.814e+00  0.000e+00  8.814e+00  0.000e+00  0.000e+00  0.000e+00  2.106e+00  6.617e+00  9.111e-02  0.000e+00  8.350e+02  5.473e+02
 0.4830  2.87260e+01  2.079e+01  7.939e+00  0.000e+00  7.939e+00  0.000e+00  0.000e+00  0.000e+00  2.308e+00  5.555e+00  7.621e-02  0.000e+00  8.717e+02  4.485e+02
 0.4840  2.87270e+01  2.006e+01  8.670e+00  0.000e+00  8.670e+00  0.000e+00  0.000e+00  0.000e+00  3.396e+00  5.188e+00  8.618e-02  0.000e+00  8.411e+02  3.694e+02
 0.4850  2.87276e+01  1.907e+01  9.659e+00  0.000e+00  9.659e+00  0.000e+00  0.000e+00  0.000e+00  3.749e+00  5.787e+00  1.239e-01  0.000e+00  7.996e+02  3.294e+02
 0.4860  2.87272e+01  1.855e+01  1.018e+01  0.000e+00  1.018e+01  0.000e+00  0.000e+00  0.000e+00  2.883e+00  7.117e+00  1.778e-01  0.000e+00  7.779e+02  3.301e+02
 0.4870  2.87267e+01  1.797e+01  1.076e+01  0.000e+00  1.076e+01  0.000e+00  0.000e+00  0.000e+00  1.874e+00  8.653e+00  2.307e-01  0.000e+00  7.535e+02  3.555e+02
 0.4880  2.87269e+01  1.663e+01  1.209e+01  0.000e+00  1.209e+01  0.000e+00  0.000e+00  0.000e+00  1.876e+00  9.947e+00  2.711e-01  0.000e+00  6.975e+02  3.789e+02
 0.4890  2.87277e+01  1.490e+01  1.383e+01  0.000e+00  1.383e+01  0.000e+00  0.000e+00  0.000e+00  2.748e+00  1.079e+01  2.957e-01  0.000e+00  6.247e+02  3.743e+02
 0.4900  2.87282e+01  1.392e+01  1.481e+01  0.000e+00  1.481e+01  0.000e+00  0.000e+00  0.000e+00  3.385e+00  1.112e+01  3.062e-01  0.000e+00  5.836e+02  3.271e+02
 0.4910  2.87279e+01  1.438e+01  1.435e+01  0.000e+00  1.435e+01  0.000e+00  0.000e+00  0.000e+00  3.139e+00  1.091e+01  3.060e-01  0.000e+00  6.029e+02  2.409e+02
 0.4920  2.87272e+01  1.581e+01  1.292e+01  0.000e+00  1.292e+01  0.000e+00  0.000e+00  0.000e+00  2.538e+00  1.009e+01  2.973e-01  0.000e+00  6.628e+02  1.367e+02
 0.4930  2.87269e+01  1.726e+01  1.147e+01  0.000e+00  1.147e+01  0.000e+00  0.000e+00  0.000e+00  2.517e+00  8.675e+00  2.807e-01  0.000e+00  7.236e+02  4.704e+01
 0.4940  2.87272e+01  1.838e+01  1.035e+01  0.000e+00  1.035e+01  0.000e+00  0.000e+00  0.000e+00  3.191e+00  6.898e+00  2.569e-01  0.000e+00  7.708e+02  5.383e+00
 0.4950  2.87274e+01  1.958e+01  9.149e+00  0.000e+00  9.149e+00  0.000e+00  0.000e+00  0.000e+00  3.706e+00  5.213e+00  2.303e-01  0.000e+00  8.210e+02  3.545e+01
 0.4960  2.87269e+01  2.103e+01  7.693e+00  0.000e+00  7.693e+00  0.000e+00  0.000e+00  0.000e+00  3.290e+00  4.193e+00  2.104e-01  0.000e+00  8.820e+02  1.425e+02
 0.4970  2.87260e+01  2.194e+01  6.783e+00  0.000e+00  6.783e+00  0.000e+00  0.000e+00  0.000e+00  2.263e+00  4.311e+00  2.077e-01  0.000e+00  9.202e+02  3.097e+02
 0.4980  2.87256e+01  2.101e+01  7.714e+00  0.000e+00  7.714e+00  0.000e+00  0.000e+00  0.000e+00  1.797e+00  5.691e+00  2.259e-01  0.000e+00  8.811e+02  5.009e+02
 0.4990  2.87265e+01  1.788e+01  1.085e+01  0.000e+00  1.085e+01  0.000e+00  0.000e+00  0.000e+00  2.625e+00  7.962e+00  2.588e-01  0.000e+00  7.498e+02  6.695e+02
 0.5000  2.87279e+01  1.431e+01  1.442e+01  0.000e+00  1.442e+01  0.000e+00  0.000e+00  0.000e+00  3.976e+00  1.015e+01  2.912e-01  0.000e+00  5.999e+02  7.650e+02
