#
# INPUTFILE C:\Users\mario\Documents\Code\Python\main_env\Dalton\input\md\h2o.md
#
# -- INPUT DATA --
#
# MOLFILE C:\Users\mario\Documents\Code\Python\main_env\Dalton\geom\prm\h2o.prm
# ENERGYOUT C:\Users\mario\Documents\Code\Python\main_env\Dalton\output\md\h2o.dat
# GEOMOUT C:\Users\mario\Documents\Code\Python\main_env\Dalton\output\md\h2o.xyz
# RANDOMSEED 3473404960
# TEMPERATURE 298.150000 K
# BOUNDARY 17.260000 A
# BOUNDARYSPRING 250.000000 kcal/(mol*A^2)
# BOUNDARYTYPE sphere
# STATUSTIME 1.000000 s
# ENERGYTIME 0.002000 ps
# GEOMTIME 0.001000 ps
# TOTALTIME 1.000000 ps
# TIMESTEP 0.000100 ps
# EQTIME 0.000000 ps
# EQRATE 0.500000 ps
#
# -- ENERGY DATA --
#
# energy terms [kcal/mol]
#  time      e_total      e_kin      e_pot  e_nonbond   e_bonded e_boundary      e_vdw     e_elst     e_bond    e_angle     e_tors      e_oop       temp      press
 0.0000  3.59409e+00  2.666e+00  9.279e-01  0.000e+00  9.279e-01  0.000e+00  0.000e+00  0.000e+00  1.812e-01  7.467e-01  0.000e+00  0.000e+00  5.087e+01  0.000e+00
 0.0020  1.15959e+01  9.073e+00  2.523e+00  0.000e+00  2.523e+00  0.000e+00  0.000e+00  0.000e+00  2.463e+00  5.969e-02  0.000e+00  0.000e+00  1.015e+03 -3.877e+01
 0.0040  1.15930e+01  1.116e+01  4.363e-01  0.000e+00  4.363e-01  0.000e+00  0.000e+00  0.000e+00  2.265e-01  2.098e-01  0.000e+00  0.000e+00  1.248e+03  4.799e+00
 0.0060  1.15955e+01  8.513e+00  3.082e+00  0.000e+00  3.082e+00  0.000e+00  0.000e+00  0.000e+00  2.510e+00  5.726e-01  0.000e+00  0.000e+00  9.520e+02  1.041e+02
 0.0080  1.15940e+01  9.984e+00  1.610e+00  0.000e+00  1.610e+00  0.000e+00  0.000e+00  0.000e+00  1.475e+00  1.354e-01  0.000e+00  0.000e+00  1.116e+03  9.294e+01
 0.0100  1.15940e+01  1.041e+01  1.180e+00  0.000e+00  1.180e+00  0.000e+00  0.000e+00  0.000e+00  8.628e-01  3.170e-01  0.000e+00  0.000e+00  1.165e+03 -9.160e+00
 0.0120  1.15954e+01  8.635e+00  2.961e+00  0.000e+00  2.961e+00  0.000e+00  0.000e+00  0.000e+00  1.328e+00  1.633e+00  0.000e+00  0.000e+00  9.656e+02 -3.086e+01
 0.0140  1.15936e+01  9.932e+00  1.662e+00  0.000e+00  1.662e+00  0.000e+00  0.000e+00  0.000e+00  6.150e-01  1.047e+00  0.000e+00  0.000e+00  1.111e+03  6.521e+01
 0.0160  1.15954e+01  8.980e+00  2.615e+00  0.000e+00  2.615e+00  0.000e+00  0.000e+00  0.000e+00  2.601e+00  1.403e-02  0.000e+00  0.000e+00  1.004e+03  1.205e+02
 0.0180  1.15931e+01  1.084e+01  7.537e-01  0.000e+00  7.537e-01  0.000e+00  0.000e+00  0.000e+00  2.942e-01  4.596e-01  0.000e+00  0.000e+00  1.212e+03  4.151e+01
 0.0200  1.15962e+01  8.583e+00  3.014e+00  0.000e+00  3.014e+00  0.000e+00  0.000e+00  0.000e+00  2.345e+00  6.684e-01  0.000e+00  0.000e+00  9.598e+02 -4.460e+01
 0.0220  1.15928e+01  1.141e+01  1.798e-01  0.000e+00  1.798e-01  0.000e+00  0.000e+00  0.000e+00  8.418e-02  9.561e-02  0.000e+00  0.000e+00  1.276e+03  4.865e+00
 0.0240  1.15955e+01  8.681e+00  2.914e+00  0.000e+00  2.914e+00  0.000e+00  0.000e+00  0.000e+00  2.804e+00  1.100e-01  0.000e+00  0.000e+00  9.708e+02  1.107e+02
 0.0260  1.15938e+01  9.630e+00  1.964e+00  0.000e+00  1.964e+00  0.000e+00  0.000e+00  0.000e+00  1.320e+00  6.442e-01  0.000e+00  0.000e+00  1.077e+03  9.971e+01
 0.0280  1.15947e+01  9.274e+00  2.321e+00  0.000e+00  2.321e+00  0.000e+00  0.000e+00  0.000e+00  1.529e+00  7.918e-01  0.000e+00  0.000e+00  1.037e+03 -1.022e+01
 0.0300  1.15947e+01  9.896e+00  1.699e+00  0.000e+00  1.699e+00  0.000e+00  0.000e+00  0.000e+00  1.592e+00  1.066e-01  0.000e+00  0.000e+00  1.107e+03 -3.753e+01
 0.0320  1.15933e+01  1.065e+01  9.482e-01  0.000e+00  9.482e-01  0.000e+00  0.000e+00  0.000e+00  5.766e-01  3.717e-01  0.000e+00  0.000e+00  1.190e+03  6.309e+01
 0.0340  1.15960e+01  7.711e+00  3.885e+00  0.000e+00  3.885e+00  0.000e+00  0.000e+00  0.000e+00  2.635e+00  1.250e+00  0.000e+00  0.000e+00  8.623e+02  1.223e+02
 0.0360  1.15931e+01  1.081e+01  7.822e-01  0.000e+00  7.822e-01  0.000e+00  0.000e+00  0.000e+00  2.390e-01  5.432e-01  0.000e+00  0.000e+00  1.209e+03  3.830e+01
 0.0380  1.15956e+01  9.695e+00  1.900e+00  0.000e+00  1.900e+00  0.000e+00  0.000e+00  0.000e+00  1.815e+00  8.500e-02  0.000e+00  0.000e+00  1.084e+03 -4.739e+01
 0.0400  1.15935e+01  1.068e+01  9.147e-01  0.000e+00  9.147e-01  0.000e+00  0.000e+00  0.000e+00  7.303e-02  8.417e-01  0.000e+00  0.000e+00  1.194e+03  1.307e+01
 0.0420  1.15956e+01  8.473e+00  3.123e+00  0.000e+00  3.123e+00  0.000e+00  0.000e+00  0.000e+00  2.734e+00  3.890e-01  0.000e+00  0.000e+00  9.475e+02  1.223e+02
 0.0440  1.15934e+01  1.043e+01  1.166e+00  0.000e+00  1.166e+00  0.000e+00  0.000e+00  0.000e+00  1.156e+00  9.565e-03  0.000e+00  0.000e+00  1.166e+03  9.753e+01
 0.0460  1.15949e+01  9.360e+00  2.235e+00  0.000e+00  2.235e+00  0.000e+00  0.000e+00  0.000e+00  1.695e+00  5.401e-01  0.000e+00  0.000e+00  1.047e+03 -2.455e+01
 0.0480  1.15945e+01  9.529e+00  2.065e+00  0.000e+00  2.065e+00  0.000e+00  0.000e+00  0.000e+00  1.083e+00  9.819e-01  0.000e+00  0.000e+00  1.066e+03 -4.489e+01
 0.0500  1.15939e+01  9.565e+00  2.028e+00  0.000e+00  2.028e+00  0.000e+00  0.000e+00  0.000e+00  1.388e+00  6.404e-01  0.000e+00  0.000e+00  1.070e+03  6.921e+01
 0.0520  1.15951e+01  8.685e+00  2.910e+00  0.000e+00  2.910e+00  0.000e+00  0.000e+00  0.000e+00  2.873e+00  3.713e-02  0.000e+00  0.000e+00  9.712e+02  1.289e+02
 0.0540  1.15932e+01  1.088e+01  7.125e-01  0.000e+00  7.125e-01  0.000e+00  0.000e+00  0.000e+00  3.225e-01  3.900e-01  0.000e+00  0.000e+00  1.217e+03  3.867e+01
 0.0560  1.15960e+01  9.068e+00  2.528e+00  0.000e+00  2.528e+00  0.000e+00  0.000e+00  0.000e+00  1.520e+00  1.008e+00  0.000e+00  0.000e+00  1.014e+03 -4.729e+01
 0.0580  1.15931e+01  1.128e+01  3.103e-01  0.000e+00  3.103e-01  0.000e+00  0.000e+00  0.000e+00  1.784e-01  1.319e-01  0.000e+00  0.000e+00  1.262e+03  1.630e+01
 0.0600  1.15953e+01  8.585e+00  3.010e+00  0.000e+00  3.010e+00  0.000e+00  0.000e+00  0.000e+00  2.567e+00  4.431e-01  0.000e+00  0.000e+00  9.601e+02  1.211e+02
 0.0620  1.15941e+01  9.360e+00  2.234e+00  0.000e+00  2.234e+00  0.000e+00  0.000e+00  0.000e+00  9.376e-01  1.297e+00  0.000e+00  0.000e+00  1.047e+03  8.700e+01
 0.0640  1.15948e+01  9.989e+00  1.606e+00  0.000e+00  1.606e+00  0.000e+00  0.000e+00  0.000e+00  1.108e+00  4.977e-01  0.000e+00  0.000e+00  1.117e+03 -3.211e+01
 0.0660  1.15939e+01  1.069e+01  9.056e-01  0.000e+00  9.056e-01  0.000e+00  0.000e+00  0.000e+00  8.659e-01  3.964e-02  0.000e+00  0.000e+00  1.195e+03 -3.470e+01
 0.0680  1.15945e+01  8.948e+00  2.646e+00  0.000e+00  2.646e+00  0.000e+00  0.000e+00  0.000e+00  2.092e+00  5.548e-01  0.000e+00  0.000e+00  1.001e+03  8.636e+01
 0.0700  1.15948e+01  8.497e+00  3.098e+00  0.000e+00  3.098e+00  0.000e+00  0.000e+00  0.000e+00  2.485e+00  6.133e-01  0.000e+00  0.000e+00  9.502e+02  1.302e+02
 0.0720  1.15937e+01  1.057e+01  1.026e+00  0.000e+00  1.026e+00  0.000e+00  0.000e+00  0.000e+00  8.252e-01  2.008e-01  0.000e+00  0.000e+00  1.182e+03  2.433e+01
 0.0740  1.15951e+01  9.999e+00  1.596e+00  0.000e+00  1.596e+00  0.000e+00  0.000e+00  0.000e+00  1.556e+00  4.022e-02  0.000e+00  0.000e+00  1.118e+03 -5.516e+01
 0.0760  1.15936e+01  1.029e+01  1.308e+00  0.000e+00  1.308e+00  0.000e+00  0.000e+00  0.000e+00  6.928e-01  6.157e-01  0.000e+00  0.000e+00  1.150e+03  2.218e+01
 0.0780  1.15955e+01  8.258e+00  3.337e+00  0.000e+00  3.337e+00  0.000e+00  0.000e+00  0.000e+00  2.790e+00  5.471e-01  0.000e+00  0.000e+00  9.235e+02  1.244e+02
 0.0800  1.15933e+01  1.076e+01  8.337e-01  0.000e+00  8.337e-01  0.000e+00  0.000e+00  0.000e+00  8.327e-01  9.830e-04  0.000e+00  0.000e+00  1.203e+03  8.129e+01
 0.0820  1.15950e+01  9.468e+00  2.127e+00  0.000e+00  2.127e+00  0.000e+00  0.000e+00  0.000e+00  1.048e+00  1.080e+00  0.000e+00  0.000e+00  1.059e+03 -3.178e+01
 0.0840  1.15945e+01  9.253e+00  2.342e+00  0.000e+00  2.342e+00  0.000e+00  0.000e+00  0.000e+00  6.425e-01  1.699e+00  0.000e+00  0.000e+00  1.035e+03 -2.488e+01
 0.0860  1.15942e+01  9.618e+00  1.976e+00  0.000e+00  1.976e+00  0.000e+00  0.000e+00  0.000e+00  1.623e+00  3.527e-01  0.000e+00  0.000e+00  1.076e+03  9.014e+01
 0.0880  1.15945e+01  9.454e+00  2.140e+00  0.000e+00  2.140e+00  0.000e+00  0.000e+00  0.000e+00  2.048e+00  9.180e-02  0.000e+00  0.000e+00  1.057e+03  1.213e+02
 0.0900  1.15943e+01  1.009e+01  1.507e+00  0.000e+00  1.507e+00  0.000e+00  0.000e+00  0.000e+00  9.415e-01  5.655e-01  0.000e+00  0.000e+00  1.128e+03  1.476e+01
 0.0920  1.15949e+01  1.002e+01  1.578e+00  0.000e+00  1.578e+00  0.000e+00  0.000e+00  0.000e+00  1.300e+00  2.782e-01  0.000e+00  0.000e+00  1.120e+03 -5.367e+01
 0.0940  1.15937e+01  1.051e+01  1.087e+00  0.000e+00  1.087e+00  0.000e+00  0.000e+00  0.000e+00  1.077e+00  9.859e-03  0.000e+00  0.000e+00  1.175e+03  3.079e+01
 0.0960  1.15949e+01  8.534e+00  3.061e+00  0.000e+00  3.061e+00  0.000e+00  0.000e+00  0.000e+00  2.551e+00  5.097e-01  0.000e+00  0.000e+00  9.544e+02  1.289e+02
 0.0980  1.15941e+01  9.046e+00  2.549e+00  0.000e+00  2.549e+00  0.000e+00  0.000e+00  0.000e+00  1.406e+00  1.142e+00  0.000e+00  0.000e+00  1.012e+03  7.850e+01
 0.1000  1.15948e+01  9.551e+00  2.044e+00  0.000e+00  2.044e+00  0.000e+00  0.000e+00  0.000e+00  1.317e+00  7.268e-01  0.000e+00  0.000e+00  1.068e+03 -3.685e+01
 0.1020  1.15940e+01  1.084e+01  7.493e-01  0.000e+00  7.493e-01  0.000e+00  0.000e+00  0.000e+00  7.486e-01  7.351e-04  0.000e+00  0.000e+00  1.213e+03 -2.504e+01
 0.1040  1.15945e+01  9.473e+00  2.121e+00  0.000e+00  2.121e+00  0.000e+00  0.000e+00  0.000e+00  1.456e+00  6.649e-01  0.000e+00  0.000e+00  1.059e+03  9.380e+01
 0.1060  1.15950e+01  8.828e+00  2.767e+00  0.000e+00  2.767e+00  0.000e+00  0.000e+00  0.000e+00  2.135e+00  6.325e-01  0.000e+00  0.000e+00  9.872e+02  1.192e+02
 0.1080  1.15936e+01  1.088e+01  7.122e-01  0.000e+00  7.122e-01  0.000e+00  0.000e+00  0.000e+00  7.110e-01  1.203e-03  0.000e+00  0.000e+00  1.217e+03  8.359e+00
 0.1100  1.15952e+01  9.468e+00  2.127e+00  0.000e+00  2.127e+00  0.000e+00  0.000e+00  0.000e+00  1.214e+00  9.132e-01  0.000e+00  0.000e+00  1.059e+03 -5.117e+01
 0.1120  1.15940e+01  9.757e+00  1.837e+00  0.000e+00  1.837e+00  0.000e+00  0.000e+00  0.000e+00  7.170e-01  1.120e+00  0.000e+00  0.000e+00  1.091e+03  4.209e+01
 0.1140  1.15948e+01  8.817e+00  2.778e+00  0.000e+00  2.778e+00  0.000e+00  0.000e+00  0.000e+00  2.553e+00  2.254e-01  0.000e+00  0.000e+00  9.859e+02  1.332e+02
 0.1160  1.15939e+01  9.866e+00  1.728e+00  0.000e+00  1.728e+00  0.000e+00  0.000e+00  0.000e+00  1.673e+00  5.509e-02  0.000e+00  0.000e+00  1.103e+03  6.878e+01
 0.1180  1.15946e+01  9.751e+00  1.844e+00  0.000e+00  1.844e+00  0.000e+00  0.000e+00  0.000e+00  1.287e+00  5.566e-01  0.000e+00  0.000e+00  1.090e+03 -4.720e+01
 0.1200  1.15946e+01  9.907e+00  1.687e+00  0.000e+00  1.687e+00  0.000e+00  0.000e+00  0.000e+00  9.793e-01  7.079e-01  0.000e+00  0.000e+00  1.108e+03 -2.313e+01
 0.1220  1.15941e+01  9.874e+00  1.720e+00  0.000e+00  1.720e+00  0.000e+00  0.000e+00  0.000e+00  1.553e+00  1.677e-01  0.000e+00  0.000e+00  1.104e+03  1.016e+02
 0.1240  1.15948e+01  9.110e+00  2.485e+00  0.000e+00  2.485e+00  0.000e+00  0.000e+00  0.000e+00  2.345e+00  1.403e-01  0.000e+00  0.000e+00  1.019e+03  1.214e+02
 0.1260  1.15940e+01  9.989e+00  1.605e+00  0.000e+00  1.605e+00  0.000e+00  0.000e+00  0.000e+00  5.731e-01  1.032e+00  0.000e+00  0.000e+00  1.117e+03  6.385e+00
 0.1280  1.15954e+01  9.795e+00  1.801e+00  0.000e+00  1.801e+00  0.000e+00  0.000e+00  0.000e+00  1.219e+00  5.816e-01  0.000e+00  0.000e+00  1.095e+03 -4.982e+01
 0.1300  1.15931e+01  1.116e+01  4.334e-01  0.000e+00  4.334e-01  0.000e+00  0.000e+00  0.000e+00  3.383e-01  9.518e-02  0.000e+00  0.000e+00  1.248e+03  4.657e+01
 0.1320  1.15957e+01  7.686e+00  3.910e+00  0.000e+00  3.910e+00  0.000e+00  0.000e+00  0.000e+00  2.684e+00  1.225e+00  0.000e+00  0.000e+00  8.595e+02  1.305e+02
 0.1340  1.15938e+01  9.630e+00  1.964e+00  0.000e+00  1.964e+00  0.000e+00  0.000e+00  0.000e+00  8.570e-01  1.107e+00  0.000e+00  0.000e+00  1.077e+03  5.638e+01
 0.1360  1.15946e+01  1.020e+01  1.398e+00  0.000e+00  1.398e+00  0.000e+00  0.000e+00  0.000e+00  1.304e+00  9.442e-02  0.000e+00  0.000e+00  1.140e+03 -5.185e+01
 0.1380  1.15943e+01  1.017e+01  1.423e+00  0.000e+00  1.423e+00  0.000e+00  0.000e+00  0.000e+00  1.273e+00  1.496e-01  0.000e+00  0.000e+00  1.137e+03 -9.247e+00
 0.1400  1.15942e+01  9.400e+00  2.194e+00  0.000e+00  2.194e+00  0.000e+00  0.000e+00  0.000e+00  1.844e+00  3.494e-01  0.000e+00  0.000e+00  1.051e+03  1.161e+02
 0.1420  1.15951e+01  8.772e+00  2.823e+00  0.000e+00  2.823e+00  0.000e+00  0.000e+00  0.000e+00  2.637e+00  1.864e-01  0.000e+00  0.000e+00  9.809e+02  1.164e+02
 0.1440  1.15933e+01  1.110e+01  4.933e-01  0.000e+00  4.933e-01  0.000e+00  0.000e+00  0.000e+00  4.904e-01  2.911e-03  0.000e+00  0.000e+00  1.241e+03 -8.814e+00
 0.1460  1.15954e+01  9.211e+00  2.385e+00  0.000e+00  2.385e+00  0.000e+00  0.000e+00  0.000e+00  1.768e+00  6.163e-01  0.000e+00  0.000e+00  1.030e+03 -5.343e+01
 0.1480  1.15937e+01  9.620e+00  1.974e+00  0.000e+00  1.974e+00  0.000e+00  0.000e+00  0.000e+00  7.044e-01  1.269e+00  0.000e+00  0.000e+00  1.076e+03  5.232e+01
 0.1500  1.15953e+01  8.704e+00  2.892e+00  0.000e+00  2.892e+00  0.000e+00  0.000e+00  0.000e+00  2.494e+00  3.976e-01  0.000e+00  0.000e+00  9.733e+02  1.298e+02
 0.1520  1.15933e+01  1.097e+01  6.249e-01  0.000e+00  6.249e-01  0.000e+00  0.000e+00  0.000e+00  4.553e-01  1.697e-01  0.000e+00  0.000e+00  1.227e+03  5.429e+01
 0.1540  1.15954e+01  9.073e+00  2.522e+00  0.000e+00  2.522e+00  0.000e+00  0.000e+00  0.000e+00  1.199e+00  1.323e+00  0.000e+00  0.000e+00  1.015e+03 -4.317e+01
 0.1560  1.15943e+01  9.931e+00  1.663e+00  0.000e+00  1.663e+00  0.000e+00  0.000e+00  0.000e+00  9.758e-01  6.872e-01  0.000e+00  0.000e+00  1.111e+03  2.153e-01
 0.1580  1.15939e+01  9.994e+00  1.600e+00  0.000e+00  1.600e+00  0.000e+00  0.000e+00  0.000e+00  1.595e+00  4.663e-03  0.000e+00  0.000e+00  1.118e+03  1.104e+02
 0.1600  1.15952e+01  8.838e+00  2.757e+00  0.000e+00  2.757e+00  0.000e+00  0.000e+00  0.000e+00  2.247e+00  5.104e-01  0.000e+00  0.000e+00  9.883e+02  1.023e+02
 0.1620  1.15934e+01  1.070e+01  8.974e-01  0.000e+00  8.974e-01  0.000e+00  0.000e+00  0.000e+00  2.840e-01  6.133e-01  0.000e+00  0.000e+00  1.196e+03 -1.286e+01
 0.1640  1.15956e+01  9.078e+00  2.518e+00  0.000e+00  2.518e+00  0.000e+00  0.000e+00  0.000e+00  2.410e+00  1.076e-01  0.000e+00  0.000e+00  1.015e+03 -4.441e+01
 0.1660  1.15929e+01  1.077e+01  8.264e-01  0.000e+00  8.264e-01  0.000e+00  0.000e+00  0.000e+00  7.064e-01  1.200e-01  0.000e+00  0.000e+00  1.204e+03  6.035e+01
 0.1680  1.15957e+01  7.855e+00  3.740e+00  0.000e+00  3.740e+00  0.000e+00  0.000e+00  0.000e+00  2.932e+00  8.084e-01  0.000e+00  0.000e+00  8.784e+02  1.293e+02
 0.1700  1.15937e+01  9.890e+00  1.704e+00  0.000e+00  1.704e+00  0.000e+00  0.000e+00  0.000e+00  6.578e-01  1.046e+00  0.000e+00  0.000e+00  1.106e+03  5.033e+01
 0.1720  1.15949e+01  1.004e+01  1.558e+00  0.000e+00  1.558e+00  0.000e+00  0.000e+00  0.000e+00  1.377e+00  1.808e-01  0.000e+00  0.000e+00  1.122e+03 -4.470e+01
 0.1740  1.15941e+01  1.046e+01  1.132e+00  0.000e+00  1.132e+00  0.000e+00  0.000e+00  0.000e+00  8.501e-01  2.814e-01  0.000e+00  0.000e+00  1.170e+03  6.841e-01
 0.1760  1.15947e+01  9.135e+00  2.460e+00  0.000e+00  2.460e+00  0.000e+00  0.000e+00  0.000e+00  1.666e+00  7.937e-01  0.000e+00  0.000e+00  1.021e+03  1.081e+02
 0.1780  1.15948e+01  9.520e+00  2.075e+00  0.000e+00  2.075e+00  0.000e+00  0.000e+00  0.000e+00  1.940e+00  1.352e-01  0.000e+00  0.000e+00  1.065e+03  9.759e+01
 0.1800  1.15933e+01  1.090e+01  6.974e-01  0.000e+00  6.974e-01  0.000e+00  0.000e+00  0.000e+00  3.184e-01  3.790e-01  0.000e+00  0.000e+00  1.218e+03 -1.061e+01
 0.1820  1.15960e+01  8.194e+00  3.402e+00  0.000e+00  3.402e+00  0.000e+00  0.000e+00  0.000e+00  1.968e+00  1.434e+00  0.000e+00  0.000e+00  9.163e+02 -3.495e+01
 0.1840  1.15929e+01  1.032e+01  1.274e+00  0.000e+00  1.274e+00  0.000e+00  0.000e+00  0.000e+00  3.805e-01  8.938e-01  0.000e+00  0.000e+00  1.154e+03  6.438e+01
 0.1860  1.15958e+01  8.116e+00  3.479e+00  0.000e+00  3.479e+00  0.000e+00  0.000e+00  0.000e+00  3.406e+00  7.391e-02  0.000e+00  0.000e+00  9.076e+02  1.218e+02
 0.1880  1.15930e+01  1.100e+01  5.933e-01  0.000e+00  5.933e-01  0.000e+00  0.000e+00  0.000e+00  4.440e-01  1.493e-01  0.000e+00  0.000e+00  1.230e+03  4.176e+01
 0.1900  1.15957e+01  9.334e+00  2.262e+00  0.000e+00  2.262e+00  0.000e+00  0.000e+00  0.000e+00  1.710e+00  5.516e-01  0.000e+00  0.000e+00  1.044e+03 -4.407e+01
 0.1920  1.15938e+01  1.065e+01  9.473e-01  0.000e+00  9.473e-01  0.000e+00  0.000e+00  0.000e+00  6.844e-01  2.629e-01  0.000e+00  0.000e+00  1.191e+03  6.561e+00
 0.1940  1.15943e+01  9.606e+00  1.989e+00  0.000e+00  1.989e+00  0.000e+00  0.000e+00  0.000e+00  1.936e+00  5.291e-02  0.000e+00  0.000e+00  1.074e+03  1.097e+02
 0.1960  1.15949e+01  8.523e+00  3.072e+00  0.000e+00  3.072e+00  0.000e+00  0.000e+00  0.000e+00  2.064e+00  1.008e+00  0.000e+00  0.000e+00  9.531e+02  9.577e+01
 0.1980  1.15941e+01  9.900e+00  1.694e+00  0.000e+00  1.694e+00  0.000e+00  0.000e+00  0.000e+00  3.109e-01  1.383e+00  0.000e+00  0.000e+00  1.107e+03 -1.029e+01
 0.2000  1.15951e+01  1.007e+01  1.528e+00  0.000e+00  1.528e+00  0.000e+00  0.000e+00  0.000e+00  1.371e+00  1.572e-01  0.000e+00  0.000e+00  1.126e+03 -3.116e+01
 0.2020  1.15930e+01  1.070e+01  8.936e-01  0.000e+00  8.936e-01  0.000e+00  0.000e+00  0.000e+00  5.316e-01  3.621e-01  0.000e+00  0.000e+00  1.196e+03  6.649e+01
 0.2040  1.15963e+01  7.348e+00  4.249e+00  0.000e+00  4.249e+00  0.000e+00  0.000e+00  0.000e+00  3.380e+00  8.690e-01  0.000e+00  0.000e+00  8.217e+02  1.157e+02
 0.2060  1.15925e+01  1.131e+01  2.807e-01  0.000e+00  2.807e-01  0.000e+00  0.000e+00  0.000e+00  3.724e-02  2.435e-01  0.000e+00  0.000e+00  1.265e+03  3.268e+01
 0.2080  1.15960e+01  9.293e+00  2.303e+00  0.000e+00  2.303e+00  0.000e+00  0.000e+00  0.000e+00  2.235e+00  6.823e-02  0.000e+00  0.000e+00  1.039e+03 -4.099e+01
 0.2100  1.15930e+01  1.088e+01  7.142e-01  0.000e+00  7.142e-01  0.000e+00  0.000e+00  0.000e+00  1.913e-01  5.229e-01  0.000e+00  0.000e+00  1.217e+03  2.076e+01
 0.2120  1.15955e+01  7.989e+00  3.606e+00  0.000e+00  3.606e+00  0.000e+00  0.000e+00  0.000e+00  3.102e+00  5.039e-01  0.000e+00  0.000e+00  8.934e+02  1.152e+02
 0.2140  1.15939e+01  9.754e+00  1.840e+00  0.000e+00  1.840e+00  0.000e+00  0.000e+00  0.000e+00  1.751e+00  8.822e-02  0.000e+00  0.000e+00  1.091e+03  8.462e+01
 0.2160  1.15940e+01  1.063e+01  9.635e-01  0.000e+00  9.635e-01  0.000e+00  0.000e+00  0.000e+00  7.445e-01  2.191e-01  0.000e+00  0.000e+00  1.189e+03 -2.035e+01
 0.2180  1.15953e+01  9.050e+00  2.545e+00  0.000e+00  2.545e+00  0.000e+00  0.000e+00  0.000e+00  1.243e+00  1.302e+00  0.000e+00  0.000e+00  1.012e+03 -2.740e+01
 0.2200  1.15937e+01  9.864e+00  1.729e+00  0.000e+00  1.729e+00  0.000e+00  0.000e+00  0.000e+00  7.332e-01  9.962e-01  0.000e+00  0.000e+00  1.103e+03  7.117e+01
 0.2220  1.15953e+01  9.034e+00  2.561e+00  0.000e+00  2.561e+00  0.000e+00  0.000e+00  0.000e+00  2.549e+00  1.196e-02  0.000e+00  0.000e+00  1.010e+03  1.114e+02
 0.2240  1.15932e+01  1.084e+01  7.572e-01  0.000e+00  7.572e-01  0.000e+00  0.000e+00  0.000e+00  1.219e-01  6.353e-01  0.000e+00  0.000e+00  1.212e+03  3.271e+01
 0.2260  1.15962e+01  8.874e+00  2.722e+00  0.000e+00  2.722e+00  0.000e+00  0.000e+00  0.000e+00  1.936e+00  7.858e-01  0.000e+00  0.000e+00  9.924e+02 -2.964e+01
 0.2280  1.15926e+01  1.157e+01  2.122e-02  0.000e+00  2.122e-02  0.000e+00  0.000e+00  0.000e+00  5.225e-03  1.599e-02  0.000e+00  0.000e+00  1.294e+03  2.749e+01
 0.2300  1.15959e+01  7.966e+00  3.630e+00  0.000e+00  3.630e+00  0.000e+00  0.000e+00  0.000e+00  3.198e+00  4.324e-01  0.000e+00  0.000e+00  8.908e+02  1.050e+02
 0.2320  1.15932e+01  9.968e+00  1.625e+00  0.000e+00  1.625e+00  0.000e+00  0.000e+00  0.000e+00  6.750e-01  9.504e-01  0.000e+00  0.000e+00  1.115e+03  7.013e+01
 0.2340  1.15951e+01  8.946e+00  2.649e+00  0.000e+00  2.649e+00  0.000e+00  0.000e+00  0.000e+00  2.009e+00  6.406e-01  0.000e+00  0.000e+00  1.000e+03 -2.136e+01
 0.2360  1.15942e+01  1.007e+01  1.528e+00  0.000e+00  1.528e+00  0.000e+00  0.000e+00  0.000e+00  1.476e+00  5.131e-02  0.000e+00  0.000e+00  1.126e+03 -1.711e+01
 0.2380  1.15937e+01  1.033e+01  1.264e+00  0.000e+00  1.264e+00  0.000e+00  0.000e+00  0.000e+00  1.034e+00  2.304e-01  0.000e+00  0.000e+00  1.155e+03  7.838e+01
 0.2400  1.15957e+01  8.198e+00  3.398e+00  0.000e+00  3.398e+00  0.000e+00  0.000e+00  0.000e+00  2.621e+00  7.770e-01  0.000e+00  0.000e+00  9.167e+02  1.111e+02
 0.2420  1.15931e+01  1.098e+01  6.179e-01  0.000e+00  6.179e-01  0.000e+00  0.000e+00  0.000e+00  2.595e-01  3.584e-01  0.000e+00  0.000e+00  1.227e+03  2.944e+01
 0.2440  1.15956e+01  9.379e+00  2.216e+00  0.000e+00  2.216e+00  0.000e+00  0.000e+00  0.000e+00  2.107e+00  1.098e-01  0.000e+00  0.000e+00  1.049e+03 -3.269e+01
 0.2460  1.15933e+01  1.051e+01  1.081e+00  0.000e+00  1.081e+00  0.000e+00  0.000e+00  0.000e+00  1.536e-02  1.066e+00  0.000e+00  0.000e+00  1.176e+03  2.317e+01
 0.2480  1.15959e+01  8.427e+00  3.169e+00  0.000e+00  3.169e+00  0.000e+00  0.000e+00  0.000e+00  2.489e+00  6.794e-01  0.000e+00  0.000e+00  9.424e+02  1.012e+02
 0.2500  1.15928e+01  1.108e+01  5.143e-01  0.000e+00  5.143e-01  0.000e+00  0.000e+00  0.000e+00  5.128e-01  1.474e-03  0.000e+00  0.000e+00  1.239e+03  7.384e+01
 0.2520  1.15955e+01  8.510e+00  3.085e+00  0.000e+00  3.085e+00  0.000e+00  0.000e+00  0.000e+00  2.333e+00  7.523e-01  0.000e+00  0.000e+00  9.517e+02 -1.032e+01
 0.2540  1.15939e+01  9.783e+00  1.811e+00  0.000e+00  1.811e+00  0.000e+00  0.000e+00  0.000e+00  7.030e-01  1.108e+00  0.000e+00  0.000e+00  1.094e+03 -1.192e+01
 0.2560  1.15944e+01  9.558e+00  2.036e+00  0.000e+00  2.036e+00  0.000e+00  0.000e+00  0.000e+00  1.683e+00  3.533e-01  0.000e+00  0.000e+00  1.069e+03  7.137e+01
 0.2580  1.15947e+01  9.376e+00  2.219e+00  0.000e+00  2.219e+00  0.000e+00  0.000e+00  0.000e+00  2.210e+00  8.946e-03  0.000e+00  0.000e+00  1.048e+03  1.025e+02
 0.2600  1.15935e+01  1.049e+01  1.105e+00  0.000e+00  1.105e+00  0.000e+00  0.000e+00  0.000e+00  6.709e-01  4.345e-01  0.000e+00  0.000e+00  1.173e+03  2.889e+01
 0.2620  1.15959e+01  8.824e+00  2.772e+00  0.000e+00  2.772e+00  0.000e+00  0.000e+00  0.000e+00  2.227e+00  5.445e-01  0.000e+00  0.000e+00  9.868e+02 -3.007e+01
 0.2640  1.15928e+01  1.150e+01  9.572e-02  0.000e+00  9.572e-02  0.000e+00  0.000e+00  0.000e+00  8.127e-02  1.446e-02  0.000e+00  0.000e+00  1.286e+03  2.265e+01
 0.2660  1.15957e+01  8.370e+00  3.226e+00  0.000e+00  3.226e+00  0.000e+00  0.000e+00  0.000e+00  2.652e+00  5.738e-01  0.000e+00  0.000e+00  9.359e+02  1.018e+02
 0.2680  1.15936e+01  9.385e+00  2.209e+00  0.000e+00  2.209e+00  0.000e+00  0.000e+00  0.000e+00  7.069e-01  1.502e+00  0.000e+00  0.000e+00  1.049e+03  7.894e+01
 0.2700  1.15954e+01  9.123e+00  2.473e+00  0.000e+00  2.473e+00  0.000e+00  0.000e+00  0.000e+00  1.724e+00  7.483e-01  0.000e+00  0.000e+00  1.020e+03 -7.713e+00
 0.2720  1.15934e+01  1.120e+01  3.886e-01  0.000e+00  3.886e-01  0.000e+00  0.000e+00  0.000e+00  3.819e-01  6.679e-03  0.000e+00  0.000e+00  1.253e+03 -1.530e+01
 0.2740  1.15952e+01  8.961e+00  2.634e+00  0.000e+00  2.634e+00  0.000e+00  0.000e+00  0.000e+00  2.099e+00  5.344e-01  0.000e+00  0.000e+00  1.002e+03  6.653e+01
 0.2760  1.15943e+01  9.522e+00  2.073e+00  0.000e+00  2.073e+00  0.000e+00  0.000e+00  0.000e+00  1.667e+00  4.054e-01  0.000e+00  0.000e+00  1.065e+03  9.990e+01
 0.2780  1.15940e+01  1.033e+01  1.260e+00  0.000e+00  1.260e+00  0.000e+00  0.000e+00  0.000e+00  1.260e+00  4.446e-05  0.000e+00  0.000e+00  1.156e+03  3.028e+01
 0.2800  1.15950e+01  9.447e+00  2.148e+00  0.000e+00  2.148e+00  0.000e+00  0.000e+00  0.000e+00  1.600e+00  5.475e-01  0.000e+00  0.000e+00  1.056e+03 -2.437e+01
 0.2820  1.15935e+01  9.805e+00  1.788e+00  0.000e+00  1.788e+00  0.000e+00  0.000e+00  0.000e+00  6.611e-01  1.127e+00  0.000e+00  0.000e+00  1.096e+03  2.686e+01
 0.2840  1.15957e+01  7.811e+00  3.785e+00  0.000e+00  3.785e+00  0.000e+00  0.000e+00  0.000e+00  3.157e+00  6.280e-01  0.000e+00  0.000e+00  8.735e+02  9.820e+01
 0.2860  1.15929e+01  1.108e+01  5.142e-01  0.000e+00  5.142e-01  0.000e+00  0.000e+00  0.000e+00  5.098e-01  4.380e-03  0.000e+00  0.000e+00  1.239e+03  7.217e+01
 0.2880  1.15957e+01  9.413e+00  2.182e+00  0.000e+00  2.182e+00  0.000e+00  0.000e+00  0.000e+00  1.626e+00  5.567e-01  0.000e+00  0.000e+00  1.053e+03 -7.779e+00
 0.2900  1.15938e+01  1.044e+01  1.156e+00  0.000e+00  1.156e+00  0.000e+00  0.000e+00  0.000e+00  2.543e-01  9.019e-01  0.000e+00  0.000e+00  1.167e+03 -1.122e+01
 0.2920  1.15950e+01  9.383e+00  2.212e+00  0.000e+00  2.212e+00  0.000e+00  0.000e+00  0.000e+00  2.131e+00  8.035e-02  0.000e+00  0.000e+00  1.049e+03  6.530e+01
 0.2940  1.15938e+01  9.914e+00  1.680e+00  0.000e+00  1.680e+00  0.000e+00  0.000e+00  0.000e+00  1.268e+00  4.121e-01  0.000e+00  0.000e+00  1.109e+03  9.708e+01
 0.2960  1.15952e+01  9.004e+00  2.591e+00  0.000e+00  2.591e+00  0.000e+00  0.000e+00  0.000e+00  1.455e+00  1.136e+00  0.000e+00  0.000e+00  1.007e+03  3.583e+01
 0.2980  1.15940e+01  1.055e+01  1.046e+00  0.000e+00  1.046e+00  0.000e+00  0.000e+00  0.000e+00  6.206e-01  4.257e-01  0.000e+00  0.000e+00  1.180e+03 -1.520e+01
 0.3000  1.15942e+01  9.744e+00  1.850e+00  0.000e+00  1.850e+00  0.000e+00  0.000e+00  0.000e+00  1.818e+00  3.215e-02  0.000e+00  0.000e+00  1.090e+03  2.592e+01
 0.3020  1.15949e+01  8.499e+00  3.096e+00  0.000e+00  3.096e+00  0.000e+00  0.000e+00  0.000e+00  2.499e+00  5.964e-01  0.000e+00  0.000e+00  9.504e+02  8.630e+01
 0.3040  1.15936e+01  9.942e+00  1.652e+00  0.000e+00  1.652e+00  0.000e+00  0.000e+00  0.000e+00  8.485e-01  8.033e-01  0.000e+00  0.000e+00  1.112e+03  6.351e+01
 0.3060  1.15955e+01  9.180e+00  2.415e+00  0.000e+00  2.415e+00  0.000e+00  0.000e+00  0.000e+00  2.126e+00  2.895e-01  0.000e+00  0.000e+00  1.027e+03 -3.597e+00
 0.3080  1.15930e+01  1.133e+01  2.592e-01  0.000e+00  2.592e-01  0.000e+00  0.000e+00  0.000e+00  2.221e-01  3.708e-02  0.000e+00  0.000e+00  1.267e+03 -1.208e+00
 0.3100  1.15957e+01  8.427e+00  3.169e+00  0.000e+00  3.169e+00  0.000e+00  0.000e+00  0.000e+00  2.540e+00  6.289e-01  0.000e+00  0.000e+00  9.424e+02  6.913e+01
 0.3120  1.15937e+01  1.000e+01  1.593e+00  0.000e+00  1.593e+00  0.000e+00  0.000e+00  0.000e+00  1.078e+00  5.149e-01  0.000e+00  0.000e+00  1.118e+03  9.366e+01
 0.3140  1.15948e+01  1.007e+01  1.530e+00  0.000e+00  1.530e+00  0.000e+00  0.000e+00  0.000e+00  1.518e+00  1.114e-02  0.000e+00  0.000e+00  1.126e+03  3.288e+01
 0.3160  1.15940e+01  1.007e+01  1.521e+00  0.000e+00  1.521e+00  0.000e+00  0.000e+00  0.000e+00  4.317e-01  1.089e+00  0.000e+00  0.000e+00  1.126e+03 -1.606e+01
 0.3180  1.15953e+01  8.609e+00  2.986e+00  0.000e+00  2.986e+00  0.000e+00  0.000e+00  0.000e+00  1.564e+00  1.422e+00  0.000e+00  0.000e+00  9.627e+02  2.166e+01
 0.3200  1.15937e+01  1.019e+01  1.399e+00  0.000e+00  1.399e+00  0.000e+00  0.000e+00  0.000e+00  1.129e+00  2.700e-01  0.000e+00  0.000e+00  1.140e+03  8.236e+01
 0.3220  1.15945e+01  9.410e+00  2.184e+00  0.000e+00  2.184e+00  0.000e+00  0.000e+00  0.000e+00  2.092e+00  9.243e-02  0.000e+00  0.000e+00  1.052e+03  6.993e+01
 0.3240  1.15948e+01  9.337e+00  2.257e+00  0.000e+00  2.257e+00  0.000e+00  0.000e+00  0.000e+00  1.696e+00  5.615e-01  0.000e+00  0.000e+00  1.044e+03  8.132e+00
 0.3260  1.15938e+01  1.054e+01  1.055e+00  0.000e+00  1.055e+00  0.000e+00  0.000e+00  0.000e+00  6.571e-01  3.981e-01  0.000e+00  0.000e+00  1.178e+03 -1.885e-01
 0.3280  1.15952e+01  9.271e+00  2.324e+00  0.000e+00  2.324e+00  0.000e+00  0.000e+00  0.000e+00  2.317e+00  6.337e-03  0.000e+00  0.000e+00  1.037e+03  5.940e+01
 0.3300  1.15932e+01  1.029e+01  1.299e+00  0.000e+00  1.299e+00  0.000e+00  0.000e+00  0.000e+00  9.414e-01  3.575e-01  0.000e+00  0.000e+00  1.151e+03  8.739e+01
 0.3320  1.15956e+01  8.121e+00  3.475e+00  0.000e+00  3.475e+00  0.000e+00  0.000e+00  0.000e+00  2.481e+00  9.938e-01  0.000e+00  0.000e+00  9.082e+02  3.299e+01
 0.3340  1.15936e+01  1.065e+01  9.415e-01  0.000e+00  9.415e-01  0.000e+00  0.000e+00  0.000e+00  4.948e-01  4.467e-01  0.000e+00  0.000e+00  1.191e+03 -1.719e+01
 0.3360  1.15948e+01  1.024e+01  1.357e+00  0.000e+00  1.357e+00  0.000e+00  0.000e+00  0.000e+00  1.279e+00  7.846e-02  0.000e+00  0.000e+00  1.145e+03  2.272e+01
 0.3380  1.15941e+01  9.400e+00  2.194e+00  0.000e+00  2.194e+00  0.000e+00  0.000e+00  0.000e+00  1.161e+00  1.033e+00  0.000e+00  0.000e+00  1.051e+03  9.233e+01
 0.3400  1.15952e+01  8.442e+00  3.153e+00  0.000e+00  3.153e+00  0.000e+00  0.000e+00  0.000e+00  2.227e+00  9.255e-01  0.000e+00  0.000e+00  9.441e+02  7.791e+01
 0.3420  1.15937e+01  1.074e+01  8.528e-01  0.000e+00  8.528e-01  0.000e+00  0.000e+00  0.000e+00  8.073e-01  4.554e-02  0.000e+00  0.000e+00  1.201e+03  1.381e+00
 0.3440  1.15948e+01  1.001e+01  1.584e+00  0.000e+00  1.584e+00  0.000e+00  0.000e+00  0.000e+00  1.246e+00  3.383e-01  0.000e+00  0.000e+00  1.119e+03 -1.270e+01
 0.3460  1.15946e+01  9.590e+00  2.005e+00  0.000e+00  2.005e+00  0.000e+00  0.000e+00  0.000e+00  1.387e+00  6.183e-01  0.000e+00  0.000e+00  1.072e+03  5.778e+01
 0.3480  1.15940e+01  9.757e+00  1.837e+00  0.000e+00  1.837e+00  0.000e+00  0.000e+00  0.000e+00  1.691e+00  1.460e-01  0.000e+00  0.000e+00  1.091e+03  9.522e+01
 0.3500  1.15949e+01  9.135e+00  2.460e+00  0.000e+00  2.460e+00  0.000e+00  0.000e+00  0.000e+00  2.339e+00  1.210e-01  0.000e+00  0.000e+00  1.022e+03  3.785e+01
 0.3520  1.15935e+01  1.020e+01  1.396e+00  0.000e+00  1.396e+00  0.000e+00  0.000e+00  0.000e+00  3.753e-01  1.020e+00  0.000e+00  0.000e+00  1.140e+03 -1.847e+01
 0.3540  1.15955e+01  8.405e+00  3.191e+00  0.000e+00  3.191e+00  0.000e+00  0.000e+00  0.000e+00  1.966e+00  1.225e+00  0.000e+00  0.000e+00  9.399e+02  2.056e+01
 0.3560  1.15934e+01  1.029e+01  1.307e+00  0.000e+00  1.307e+00  0.000e+00  0.000e+00  0.000e+00  1.051e+00  2.564e-01  0.000e+00  0.000e+00  1.150e+03  9.176e+01
 0.3580  1.15951e+01  9.338e+00  2.257e+00  0.000e+00  2.257e+00  0.000e+00  0.000e+00  0.000e+00  2.114e+00  1.429e-01  0.000e+00  0.000e+00  1.044e+03  7.728e+01
 0.3600  1.15940e+01  1.035e+01  1.244e+00  0.000e+00  1.244e+00  0.000e+00  0.000e+00  0.000e+00  4.587e-01  7.851e-01  0.000e+00  0.000e+00  1.157e+03 -1.370e+00
 0.3620  1.15951e+01  9.847e+00  1.748e+00  0.000e+00  1.748e+00  0.000e+00  0.000e+00  0.000e+00  1.481e+00  2.670e-01  0.000e+00  0.000e+00  1.101e+03 -1.580e+01
 0.3640  1.15936e+01  1.052e+01  1.077e+00  0.000e+00  1.077e+00  0.000e+00  0.000e+00  0.000e+00  9.227e-01  1.543e-01  0.000e+00  0.000e+00  1.176e+03  5.949e+01
 0.3660  1.15951e+01  8.338e+00  3.257e+00  0.000e+00  3.257e+00  0.000e+00  0.000e+00  0.000e+00  2.184e+00  1.073e+00  0.000e+00  0.000e+00  9.324e+02  1.024e+02
 0.3680  1.15944e+01  9.271e+00  2.323e+00  0.000e+00  2.323e+00  0.000e+00  0.000e+00  0.000e+00  1.264e+00  1.059e+00  0.000e+00  0.000e+00  1.037e+03  4.260e+01
 0.3700  1.15938e+01  1.045e+01  1.141e+00  0.000e+00  1.141e+00  0.000e+00  0.000e+00  0.000e+00  9.574e-01  1.838e-01  0.000e+00  0.000e+00  1.169e+03 -2.190e+01
 0.3720  1.15951e+01  9.174e+00  2.422e+00  0.000e+00  2.422e+00  0.000e+00  0.000e+00  0.000e+00  2.317e+00  1.042e-01  0.000e+00  0.000e+00  1.026e+03  1.394e+01
 0.3740  1.15934e+01  1.014e+01  1.453e+00  0.000e+00  1.453e+00  0.000e+00  0.000e+00  0.000e+00  9.159e-01  5.367e-01  0.000e+00  0.000e+00  1.134e+03  8.927e+01
 0.3760  1.15957e+01  8.716e+00  2.879e+00  0.000e+00  2.879e+00  0.000e+00  0.000e+00  0.000e+00  2.530e+00  3.497e-01  0.000e+00  0.000e+00  9.747e+02  7.874e+01
 0.3780  1.15930e+01  1.135e+01  2.455e-01  0.000e+00  2.455e-01  0.000e+00  0.000e+00  0.000e+00  2.349e-01  1.055e-02  0.000e+00  0.000e+00  1.269e+03  1.130e+00
 0.3800  1.15955e+01  8.771e+00  2.825e+00  0.000e+00  2.825e+00  0.000e+00  0.000e+00  0.000e+00  1.984e+00  8.401e-01  0.000e+00  0.000e+00  9.808e+02 -1.349e+01
 0.3820  1.15939e+01  9.419e+00  2.175e+00  0.000e+00  2.175e+00  0.000e+00  0.000e+00  0.000e+00  9.819e-01  1.193e+00  0.000e+00  0.000e+00  1.053e+03  6.013e+01
 0.3840  1.15949e+01  9.456e+00  2.138e+00  0.000e+00  2.138e+00  0.000e+00  0.000e+00  0.000e+00  1.956e+00  1.824e-01  0.000e+00  0.000e+00  1.057e+03  1.018e+02
 0.3860  1.15938e+01  1.065e+01  9.394e-01  0.000e+00  9.394e-01  0.000e+00  0.000e+00  0.000e+00  6.238e-01  3.156e-01  0.000e+00  0.000e+00  1.191e+03  4.274e+01
 0.3880  1.15949e+01  9.128e+00  2.467e+00  0.000e+00  2.467e+00  0.000e+00  0.000e+00  0.000e+00  1.313e+00  1.154e+00  0.000e+00  0.000e+00  1.021e+03 -2.384e+01
 0.3900  1.15947e+01  9.513e+00  2.082e+00  0.000e+00  2.082e+00  0.000e+00  0.000e+00  0.000e+00  1.577e+00  5.050e-01  0.000e+00  0.000e+00  1.064e+03  8.494e+00
 0.3920  1.15934e+01  1.050e+01  1.095e+00  0.000e+00  1.095e+00  0.000e+00  0.000e+00  0.000e+00  1.094e+00  1.039e-03  0.000e+00  0.000e+00  1.174e+03  8.828e+01
 0.3940  1.15958e+01  8.481e+00  3.114e+00  0.000e+00  3.114e+00  0.000e+00  0.000e+00  0.000e+00  2.777e+00  3.378e-01  0.000e+00  0.000e+00  9.484e+02  8.820e+01
 0.3960  1.15929e+01  1.102e+01  5.758e-01  0.000e+00  5.758e-01  0.000e+00  0.000e+00  0.000e+00  5.395e-02  5.218e-01  0.000e+00  0.000e+00  1.232e+03  1.027e+01
 0.3980  1.15960e+01  8.619e+00  2.977e+00  0.000e+00  2.977e+00  0.000e+00  0.000e+00  0.000e+00  2.843e+00  1.336e-01  0.000e+00  0.000e+00  9.639e+02 -1.747e+01
 0.4000  1.15927e+01  1.095e+01  6.428e-01  0.000e+00  6.428e-01  0.000e+00  0.000e+00  0.000e+00  5.001e-01  1.427e-01  0.000e+00  0.000e+00  1.224e+03  4.963e+01
 0.4020  1.15956e+01  7.987e+00  3.609e+00  0.000e+00  3.609e+00  0.000e+00  0.000e+00  0.000e+00  2.502e+00  1.107e+00  0.000e+00  0.000e+00  8.931e+02  9.801e+01
 0.4040  1.15939e+01  9.579e+00  2.015e+00  0.000e+00  2.015e+00  0.000e+00  0.000e+00  0.000e+00  8.088e-01  1.206e+00  0.000e+00  0.000e+00  1.071e+03  4.326e+01
 0.4060  1.15946e+01  1.038e+01  1.212e+00  0.000e+00  1.212e+00  0.000e+00  0.000e+00  0.000e+00  1.125e+00  8.770e-02  0.000e+00  0.000e+00  1.161e+03 -2.420e+01
 0.4080  1.15943e+01  1.038e+01  1.212e+00  0.000e+00  1.212e+00  0.000e+00  0.000e+00  0.000e+00  7.441e-01  4.674e-01  0.000e+00  0.000e+00  1.161e+03  1.339e+01
 0.4100  1.15946e+01  9.083e+00  2.512e+00  0.000e+00  2.512e+00  0.000e+00  0.000e+00  0.000e+00  1.739e+00  7.734e-01  0.000e+00  0.000e+00  1.016e+03  9.909e+01
 0.4120  1.15948e+01  9.388e+00  2.207e+00  0.000e+00  2.207e+00  0.000e+00  0.000e+00  0.000e+00  2.128e+00  7.905e-02  0.000e+00  0.000e+00  1.050e+03  9.069e+01
 0.4140  1.15933e+01  1.098e+01  6.157e-01  0.000e+00  6.157e-01  0.000e+00  0.000e+00  0.000e+00  3.313e-01  2.844e-01  0.000e+00  0.000e+00  1.228e+03 -1.427e+00
 0.4160  1.15961e+01  8.579e+00  3.018e+00  0.000e+00  3.018e+00  0.000e+00  0.000e+00  0.000e+00  2.109e+00  9.085e-01  0.000e+00  0.000e+00  9.593e+02 -2.823e+01
 0.4180  1.15926e+01  1.075e+01  8.408e-01  0.000e+00  8.408e-01  0.000e+00  0.000e+00  0.000e+00  2.158e-01  6.250e-01  0.000e+00  0.000e+00  1.202e+03  5.338e+01
 0.4200  1.15960e+01  7.740e+00  3.856e+00  0.000e+00  3.856e+00  0.000e+00  0.000e+00  0.000e+00  3.794e+00  6.152e-02  0.000e+00  0.000e+00  8.655e+02  1.075e+02
 0.4220  1.15927e+01  1.088e+01  7.095e-01  0.000e+00  7.095e-01  0.000e+00  0.000e+00  0.000e+00  4.659e-01  2.436e-01  0.000e+00  0.000e+00  1.217e+03  4.557e+01
 0.4240  1.15958e+01  8.939e+00  2.657e+00  0.000e+00  2.657e+00  0.000e+00  0.000e+00  0.000e+00  1.584e+00  1.073e+00  0.000e+00  0.000e+00  9.996e+02 -2.689e+01
 0.4260  1.15938e+01  1.045e+01  1.141e+00  0.000e+00  1.141e+00  0.000e+00  0.000e+00  0.000e+00  4.983e-01  6.427e-01  0.000e+00  0.000e+00  1.169e+03  1.381e+01
 0.4280  1.15945e+01  9.581e+00  2.014e+00  0.000e+00  2.014e+00  0.000e+00  0.000e+00  0.000e+00  2.005e+00  9.361e-03  0.000e+00  0.000e+00  1.071e+03  1.005e+02
 0.4300  1.15948e+01  9.073e+00  2.521e+00  0.000e+00  2.521e+00  0.000e+00  0.000e+00  0.000e+00  1.753e+00  7.687e-01  0.000e+00  0.000e+00  1.015e+03  8.543e+01
 0.4320  1.15942e+01  1.033e+01  1.259e+00  0.000e+00  1.259e+00  0.000e+00  0.000e+00  0.000e+00  4.994e-01  7.598e-01  0.000e+00  0.000e+00  1.156e+03 -1.065e+01
 0.4340  1.15950e+01  1.024e+01  1.351e+00  0.000e+00  1.351e+00  0.000e+00  0.000e+00  0.000e+00  1.349e+00  2.285e-03  0.000e+00  0.000e+00  1.146e+03 -2.680e+01
 0.4360  1.15932e+01  1.029e+01  1.306e+00  0.000e+00  1.306e+00  0.000e+00  0.000e+00  0.000e+00  7.059e-01  6.004e-01  0.000e+00  0.000e+00  1.150e+03  6.763e+01
 0.4380  1.15962e+01  7.079e+00  4.517e+00  0.000e+00  4.517e+00  0.000e+00  0.000e+00  0.000e+00  3.475e+00  1.042e+00  0.000e+00  0.000e+00  7.917e+02  1.166e+02
 0.4400  1.15925e+01  1.103e+01  5.666e-01  0.000e+00  5.666e-01  0.000e+00  0.000e+00  0.000e+00  4.454e-02  5.220e-01  0.000e+00  0.000e+00  1.233e+03  3.769e+01
 0.4420  1.15960e+01  9.138e+00  2.458e+00  0.000e+00  2.458e+00  0.000e+00  0.000e+00  0.000e+00  2.453e+00  4.750e-03  0.000e+00  0.000e+00  1.022e+03 -3.863e+01
 0.4440  1.15929e+01  1.114e+01  4.557e-01  0.000e+00  4.557e-01  0.000e+00  0.000e+00  0.000e+00  1.454e-01  3.104e-01  0.000e+00  0.000e+00  1.245e+03  1.420e+01
 0.4460  1.15957e+01  8.311e+00  3.285e+00  0.000e+00  3.285e+00  0.000e+00  0.000e+00  0.000e+00  2.771e+00  5.135e-01  0.000e+00  0.000e+00  9.294e+02  1.069e+02
 0.4480  1.15937e+01  1.022e+01  1.378e+00  0.000e+00  1.378e+00  0.000e+00  0.000e+00  0.000e+00  1.329e+00  4.915e-02  0.000e+00  0.000e+00  1.142e+03  8.429e+01
 0.4500  1.15942e+01  1.014e+01  1.452e+00  0.000e+00  1.452e+00  0.000e+00  0.000e+00  0.000e+00  9.398e-01  5.123e-01  0.000e+00  0.000e+00  1.134e+03 -1.478e+01
 0.4520  1.15952e+01  8.651e+00  2.945e+00  0.000e+00  2.945e+00  0.000e+00  0.000e+00  0.000e+00  1.212e+00  1.732e+00  0.000e+00  0.000e+00  9.674e+02 -2.402e+01
 0.4540  1.15936e+01  9.912e+00  1.681e+00  0.000e+00  1.681e+00  0.000e+00  0.000e+00  0.000e+00  7.938e-01  8.876e-01  0.000e+00  0.000e+00  1.108e+03  7.308e+01
 0.4560  1.15953e+01  9.057e+00  2.538e+00  0.000e+00  2.538e+00  0.000e+00  0.000e+00  0.000e+00  2.538e+00  1.148e-05  0.000e+00  0.000e+00  1.013e+03  1.160e+02
 0.4580  1.15932e+01  1.085e+01  7.457e-01  0.000e+00  7.457e-01  0.000e+00  0.000e+00  0.000e+00  2.021e-01  5.435e-01  0.000e+00  0.000e+00  1.213e+03  3.161e+01
 0.4600  1.15962e+01  8.734e+00  2.862e+00  0.000e+00  2.862e+00  0.000e+00  0.000e+00  0.000e+00  2.299e+00  5.634e-01  0.000e+00  0.000e+00  9.767e+02 -4.335e+01
 0.4620  1.15927e+01  1.156e+01  3.572e-02  0.000e+00  3.572e-02  0.000e+00  0.000e+00  0.000e+00  1.747e-02  1.825e-02  0.000e+00  0.000e+00  1.292e+03  1.595e+01
 0.4640  1.15958e+01  8.291e+00  3.305e+00  0.000e+00  3.305e+00  0.000e+00  0.000e+00  0.000e+00  3.031e+00  2.739e-01  0.000e+00  0.000e+00  9.271e+02  1.138e+02
 0.4660  1.15935e+01  9.720e+00  1.874e+00  0.000e+00  1.874e+00  0.000e+00  0.000e+00  0.000e+00  1.029e+00  8.444e-01  0.000e+00  0.000e+00  1.087e+03  8.966e+01
 0.4680  1.15949e+01  9.103e+00  2.492e+00  0.000e+00  2.492e+00  0.000e+00  0.000e+00  0.000e+00  1.740e+00  7.522e-01  0.000e+00  0.000e+00  1.018e+03 -1.727e+01
 0.4700  1.15944e+01  1.010e+01  1.497e+00  0.000e+00  1.497e+00  0.000e+00  0.000e+00  0.000e+00  1.450e+00  4.634e-02  0.000e+00  0.000e+00  1.129e+03 -3.061e+01
 0.4720  1.15936e+01  1.036e+01  1.235e+00  0.000e+00  1.235e+00  0.000e+00  0.000e+00  0.000e+00  8.035e-01  4.318e-01  0.000e+00  0.000e+00  1.158e+03  7.179e+01
 0.4740  1.15959e+01  8.004e+00  3.592e+00  0.000e+00  3.592e+00  0.000e+00  0.000e+00  0.000e+00  2.544e+00  1.048e+00  0.000e+00  0.000e+00  8.950e+02  1.182e+02
 0.4760  1.15930e+01  1.110e+01  4.976e-01  0.000e+00  4.976e-01  0.000e+00  0.000e+00  0.000e+00  2.229e-01  2.747e-01  0.000e+00  0.000e+00  1.241e+03  2.920e+01
 0.4780  1.15957e+01  9.420e+00  2.175e+00  0.000e+00  2.175e+00  0.000e+00  0.000e+00  0.000e+00  1.913e+00  2.627e-01  0.000e+00  0.000e+00  1.053e+03 -4.530e+01
 0.4800  1.15934e+01  1.052e+01  1.077e+00  0.000e+00  1.077e+00  0.000e+00  0.000e+00  0.000e+00  2.617e-02  1.051e+00  0.000e+00  0.000e+00  1.176e+03  2.289e+01
 0.4820  1.15957e+01  8.462e+00  3.134e+00  0.000e+00  3.134e+00  0.000e+00  0.000e+00  0.000e+00  2.768e+00  3.653e-01  0.000e+00  0.000e+00  9.463e+02  1.232e+02
 0.4840  1.15931e+01  1.068e+01  9.166e-01  0.000e+00  9.166e-01  0.000e+00  0.000e+00  0.000e+00  8.765e-01  4.007e-02  0.000e+00  0.000e+00  1.194e+03  8.774e+01
 0.4860  1.15952e+01  8.964e+00  2.631e+00  0.000e+00  2.631e+00  0.000e+00  0.000e+00  0.000e+00  1.948e+00  6.836e-01  0.000e+00  0.000e+00  1.002e+03 -2.951e+01
 0.4880  1.15942e+01  9.716e+00  1.878e+00  0.000e+00  1.878e+00  0.000e+00  0.000e+00  0.000e+00  9.443e-01  9.335e-01  0.000e+00  0.000e+00  1.087e+03 -3.771e+01
 0.4900  1.15940e+01  9.638e+00  1.956e+00  0.000e+00  1.956e+00  0.000e+00  0.000e+00  0.000e+00  1.516e+00  4.396e-01  0.000e+00  0.000e+00  1.078e+03  7.673e+01
 0.4920  1.15950e+01  8.852e+00  2.743e+00  0.000e+00  2.743e+00  0.000e+00  0.000e+00  0.000e+00  2.741e+00  1.714e-03  0.000e+00  0.000e+00  9.899e+02  1.257e+02
 0.4940  1.15933e+01  1.076e+01  8.302e-01  0.000e+00  8.302e-01  0.000e+00  0.000e+00  0.000e+00  3.680e-01  4.621e-01  0.000e+00  0.000e+00  1.204e+03  3.125e+01
 0.4960  1.15960e+01  9.072e+00  2.524e+00  0.000e+00  2.524e+00  0.000e+00  0.000e+00  0.000e+00  1.719e+00  8.044e-01  0.000e+00  0.000e+00  1.015e+03 -4.647e+01
 0.4980  1.15929e+01  1.147e+01  1.221e-01  0.000e+00  1.221e-01  0.000e+00  0.000e+00  0.000e+00  9.820e-02  2.389e-02  0.000e+00  0.000e+00  1.283e+03  2.365e+01
 0.5000  1.15956e+01  8.197e+00  3.399e+00  0.000e+00  3.399e+00  0.000e+00  0.000e+00  0.000e+00  2.675e+00  7.243e-01  0.000e+00  0.000e+00  9.166e+02  1.221e+02
 0.5020  1.15939e+01  9.403e+00  2.191e+00  0.000e+00  2.191e+00  0.000e+00  0.000e+00  0.000e+00  7.157e-01  1.476e+00  0.000e+00  0.000e+00  1.051e+03  7.883e+01
 0.5040  1.15950e+01  9.920e+00  1.675e+00  0.000e+00  1.675e+00  0.000e+00  0.000e+00  0.000e+00  1.260e+00  4.143e-01  0.000e+00  0.000e+00  1.109e+03 -3.681e+01
 0.5060  1.15938e+01  1.084e+01  7.515e-01  0.000e+00  7.515e-01  0.000e+00  0.000e+00  0.000e+00  6.591e-01  9.244e-02  0.000e+00  0.000e+00  1.212e+03 -2.790e+01
 0.5080  1.15947e+01  8.755e+00  2.839e+00  0.000e+00  2.839e+00  0.000e+00  0.000e+00  0.000e+00  2.269e+00  5.701e-01  0.000e+00  0.000e+00  9.791e+02  9.437e+01
 0.5100  1.15946e+01  8.822e+00  2.772e+00  0.000e+00  2.772e+00  0.000e+00  0.000e+00  0.000e+00  2.342e+00  4.308e-01  0.000e+00  0.000e+00  9.866e+02  1.271e+02
 0.5120  1.15938e+01  1.071e+01  8.862e-01  0.000e+00  8.862e-01  0.000e+00  0.000e+00  0.000e+00  8.344e-01  5.184e-02  0.000e+00  0.000e+00  1.197e+03  1.562e+01
 0.5140  1.15952e+01  9.852e+00  1.743e+00  0.000e+00  1.743e+00  0.000e+00  0.000e+00  0.000e+00  1.583e+00  1.606e-01  0.000e+00  0.000e+00  1.102e+03 -5.519e+01
 0.5160  1.15935e+01  1.014e+01  1.450e+00  0.000e+00  1.450e+00  0.000e+00  0.000e+00  0.000e+00  7.092e-01  7.412e-01  0.000e+00  0.000e+00  1.134e+03  3.020e+01
 0.5180  1.15956e+01  8.106e+00  3.490e+00  0.000e+00  3.490e+00  0.000e+00  0.000e+00  0.000e+00  3.008e+00  4.811e-01  0.000e+00  0.000e+00  9.065e+02  1.263e+02
 0.5200  1.15931e+01  1.096e+01  6.309e-01  0.000e+00  6.309e-01  0.000e+00  0.000e+00  0.000e+00  6.123e-01  1.859e-02  0.000e+00  0.000e+00  1.226e+03  7.375e+01
 0.5220  1.15954e+01  9.229e+00  2.366e+00  0.000e+00  2.366e+00  0.000e+00  0.000e+00  0.000e+00  1.157e+00  1.209e+00  0.000e+00  0.000e+00  1.032e+03 -3.593e+01
 0.5240  1.15943e+01  9.593e+00  2.002e+00  0.000e+00  2.002e+00  0.000e+00  0.000e+00  0.000e+00  4.917e-01  1.510e+00  0.000e+00  0.000e+00  1.073e+03 -1.804e+01
 0.5260  1.15944e+01  9.553e+00  2.042e+00  0.000e+00  2.042e+00  0.000e+00  0.000e+00  0.000e+00  1.862e+00  1.793e-01  0.000e+00  0.000e+00  1.068e+03  9.714e+01
 0.5280  1.15944e+01  9.535e+00  2.059e+00  0.000e+00  2.059e+00  0.000e+00  0.000e+00  0.000e+00  1.845e+00  2.149e-01  0.000e+00  0.000e+00  1.066e+03  1.168e+02
 0.5300  1.15944e+01  1.005e+01  1.547e+00  0.000e+00  1.547e+00  0.000e+00  0.000e+00  0.000e+00  8.996e-01  6.477e-01  0.000e+00  0.000e+00  1.124e+03  5.753e+00
 0.5320  1.15948e+01  1.015e+01  1.445e+00  0.000e+00  1.445e+00  0.000e+00  0.000e+00  0.000e+00  1.254e+00  1.906e-01  0.000e+00  0.000e+00  1.135e+03 -5.211e+01
 0.5340  1.15937e+01  1.034e+01  1.249e+00  0.000e+00  1.249e+00  0.000e+00  0.000e+00  0.000e+00  1.187e+00  6.150e-02  0.000e+00  0.000e+00  1.157e+03  4.058e+01
 0.5360  1.15951e+01  8.238e+00  3.357e+00  0.000e+00  3.357e+00  0.000e+00  0.000e+00  0.000e+00  2.699e+00  6.579e-01  0.000e+00  0.000e+00  9.212e+02  1.307e+02
 0.5380  1.15939e+01  9.324e+00  2.270e+00  0.000e+00  2.270e+00  0.000e+00  0.000e+00  0.000e+00  1.160e+00  1.110e+00  0.000e+00  0.000e+00  1.043e+03  6.921e+01
 0.5400  1.15950e+01  9.592e+00  2.003e+00  0.000e+00  2.003e+00  0.000e+00  0.000e+00  0.000e+00  1.479e+00  5.236e-01  0.000e+00  0.000e+00  1.073e+03 -4.172e+01
 0.5420  1.15938e+01  1.095e+01  6.457e-01  0.000e+00  6.457e-01  0.000e+00  0.000e+00  0.000e+00  6.195e-01  2.614e-02  0.000e+00  0.000e+00  1.224e+03 -1.744e+01
 0.5440  1.15949e+01  9.099e+00  2.496e+00  0.000e+00  2.496e+00  0.000e+00  0.000e+00  0.000e+00  1.802e+00  6.940e-01  0.000e+00  0.000e+00  1.018e+03  1.008e+02
 0.5460  1.15946e+01  9.288e+00  2.307e+00  0.000e+00  2.307e+00  0.000e+00  0.000e+00  0.000e+00  1.848e+00  4.591e-01  0.000e+00  0.000e+00  1.039e+03  1.138e+02
 0.5480  1.15938e+01  1.074e+01  8.548e-01  0.000e+00  8.548e-01  0.000e+00  0.000e+00  0.000e+00  8.020e-01  5.274e-02  0.000e+00  0.000e+00  1.201e+03  2.515e-01
 0.5500  1.15951e+01  9.288e+00  2.307e+00  0.000e+00  2.307e+00  0.000e+00  0.000e+00  0.000e+00  1.087e+00  1.220e+00  0.000e+00  0.000e+00  1.039e+03 -4.816e+01
 0.5520  1.15940e+01  9.569e+00  2.025e+00  0.000e+00  2.025e+00  0.000e+00  0.000e+00  0.000e+00  8.461e-01  1.179e+00  0.000e+00  0.000e+00  1.070e+03  5.071e+01
 0.5540  1.15948e+01  8.930e+00  2.664e+00  0.000e+00  2.664e+00  0.000e+00  0.000e+00  0.000e+00  2.497e+00  1.678e-01  0.000e+00  0.000e+00  9.987e+02  1.325e+02
 0.5560  1.15938e+01  1.002e+01  1.576e+00  0.000e+00  1.576e+00  0.000e+00  0.000e+00  0.000e+00  1.472e+00  1.041e-01  0.000e+00  0.000e+00  1.120e+03  5.962e+01
 0.5580  1.15949e+01  9.639e+00  1.956e+00  0.000e+00  1.956e+00  0.000e+00  0.000e+00  0.000e+00  1.390e+00  5.658e-01  0.000e+00  0.000e+00  1.078e+03 -4.979e+01
 0.5600  1.15943e+01  1.026e+01  1.338e+00  0.000e+00  1.338e+00  0.000e+00  0.000e+00  0.000e+00  8.519e-01  4.863e-01  0.000e+00  0.000e+00  1.147e+03 -1.453e+01
 0.5620  1.15943e+01  9.741e+00  1.853e+00  0.000e+00  1.853e+00  0.000e+00  0.000e+00  0.000e+00  1.821e+00  3.209e-02  0.000e+00  0.000e+00  1.089e+03  1.080e+02
 0.5640  1.15946e+01  9.115e+00  2.480e+00  0.000e+00  2.480e+00  0.000e+00  0.000e+00  0.000e+00  2.154e+00  3.261e-01  0.000e+00  0.000e+00  1.019e+03  1.160e+02
 0.5660  1.15943e+01  9.633e+00  1.961e+00  0.000e+00  1.961e+00  0.000e+00  0.000e+00  0.000e+00  7.949e-01  1.166e+00  0.000e+00  0.000e+00  1.077e+03 -2.017e+00
 0.5680  1.15951e+01  9.982e+00  1.614e+00  0.000e+00  1.614e+00  0.000e+00  0.000e+00  0.000e+00  1.145e+00  4.682e-01  0.000e+00  0.000e+00  1.116e+03 -4.838e+01
 0.5700  1.15932e+01  1.098e+01  6.110e-01  0.000e+00  6.110e-01  0.000e+00  0.000e+00  0.000e+00  4.436e-01  1.674e-01  0.000e+00  0.000e+00  1.228e+03  5.437e+01
 0.5720  1.15957e+01  7.667e+00  3.929e+00  0.000e+00  3.929e+00  0.000e+00  0.000e+00  0.000e+00  2.670e+00  1.259e+00  0.000e+00  0.000e+00  8.574e+02  1.311e+02
 0.5740  1.15937e+01  9.913e+00  1.681e+00  0.000e+00  1.681e+00  0.000e+00  0.000e+00  0.000e+00  7.936e-01  8.870e-01  0.000e+00  0.000e+00  1.109e+03  4.885e+01
 0.5760  1.15948e+01  1.023e+01  1.361e+00  0.000e+00  1.361e+00  0.000e+00  0.000e+00  0.000e+00  1.350e+00  1.157e-02  0.000e+00  0.000e+00  1.144e+03 -5.422e+01
 0.5780  1.15942e+01  1.032e+01  1.279e+00  0.000e+00  1.279e+00  0.000e+00  0.000e+00  0.000e+00  9.854e-01  2.932e-01  0.000e+00  0.000e+00  1.154e+03 -1.212e+00
 0.5800  1.15944e+01  9.145e+00  2.450e+00  0.000e+00  2.450e+00  0.000e+00  0.000e+00  0.000e+00  2.088e+00  3.616e-01  0.000e+00  0.000e+00  1.023e+03  1.224e+02
 0.5820  1.15948e+01  9.051e+00  2.544e+00  0.000e+00  2.544e+00  0.000e+00  0.000e+00  0.000e+00  2.453e+00  9.090e-02  0.000e+00  0.000e+00  1.012e+03  1.107e+02
 0.5840  1.15936e+01  1.081e+01  7.839e-01  0.000e+00  7.839e-01  0.000e+00  0.000e+00  0.000e+00  7.228e-01  6.110e-02  0.000e+00  0.000e+00  1.209e+03 -1.802e+01
 0.5860  1.15952e+01  9.163e+00  2.432e+00  0.000e+00  2.432e+00  0.000e+00  0.000e+00  0.000e+00  1.596e+00  8.363e-01  0.000e+00  0.000e+00  1.025e+03 -5.221e+01
 0.5880  1.15938e+01  9.499e+00  2.095e+00  0.000e+00  2.095e+00  0.000e+00  0.000e+00  0.000e+00  8.254e-01  1.270e+00  0.000e+00  0.000e+00  1.062e+03  6.108e+01
 0.5900  1.15952e+01  8.772e+00  2.823e+00  0.000e+00  2.823e+00  0.000e+00  0.000e+00  0.000e+00  2.526e+00  2.974e-01  0.000e+00  0.000e+00  9.809e+02  1.314e+02
 0.5920  1.15934e+01  1.097e+01  6.267e-01  0.000e+00  6.267e-01  0.000e+00  0.000e+00  0.000e+00  3.797e-01  2.470e-01  0.000e+00  0.000e+00  1.226e+03  4.651e+01
 0.5940  1.15956e+01  9.127e+00  2.469e+00  0.000e+00  2.469e+00  0.000e+00  0.000e+00  0.000e+00  1.208e+00  1.261e+00  0.000e+00  0.000e+00  1.021e+03 -4.671e+01
 0.5960  1.15939e+01  1.041e+01  1.179e+00  0.000e+00  1.179e+00  0.000e+00  0.000e+00  0.000e+00  7.630e-01  4.161e-01  0.000e+00  0.000e+00  1.165e+03  8.010e+00
 0.5980  1.15943e+01  9.646e+00  1.948e+00  0.000e+00  1.948e+00  0.000e+00  0.000e+00  0.000e+00  1.855e+00  9.326e-02  0.000e+00  0.000e+00  1.079e+03  1.172e+02
 0.6000  1.15950e+01  8.890e+00  2.705e+00  0.000e+00  2.705e+00  0.000e+00  0.000e+00  0.000e+00  1.933e+00  7.720e-01  0.000e+00  0.000e+00  9.942e+02  9.601e+01
 0.6020  1.15937e+01  1.049e+01  1.100e+00  0.000e+00  1.100e+00  0.000e+00  0.000e+00  0.000e+00  4.611e-01  6.390e-01  0.000e+00  0.000e+00  1.173e+03 -2.292e+01
 0.6040  1.15953e+01  9.245e+00  2.350e+00  0.000e+00  2.350e+00  0.000e+00  0.000e+00  0.000e+00  2.295e+00  5.543e-02  0.000e+00  0.000e+00  1.034e+03 -4.189e+01
 0.6060  1.15931e+01  1.049e+01  1.100e+00  0.000e+00  1.100e+00  0.000e+00  0.000e+00  0.000e+00  9.230e-01  1.765e-01  0.000e+00  0.000e+00  1.173e+03  7.143e+01
 0.6080  1.15957e+01  7.888e+00  3.708e+00  0.000e+00  3.708e+00  0.000e+00  0.000e+00  0.000e+00  2.936e+00  7.710e-01  0.000e+00  0.000e+00  8.821e+02  1.309e+02
 0.6100  1.15936e+01  1.026e+01  1.336e+00  0.000e+00  1.336e+00  0.000e+00  0.000e+00  0.000e+00  5.343e-01  8.020e-01  0.000e+00  0.000e+00  1.147e+03  4.028e+01
 0.6120  1.15950e+01  1.004e+01  1.556e+00  0.000e+00  1.556e+00  0.000e+00  0.000e+00  0.000e+00  1.501e+00  5.446e-02  0.000e+00  0.000e+00  1.123e+03 -4.929e+01
 0.6140  1.15940e+01  1.034e+01  1.255e+00  0.000e+00  1.255e+00  0.000e+00  0.000e+00  0.000e+00  8.062e-01  4.484e-01  0.000e+00  0.000e+00  1.156e+03  8.940e+00
 0.6160  1.15949e+01  8.925e+00  2.670e+00  0.000e+00  2.670e+00  0.000e+00  0.000e+00  0.000e+00  1.864e+00  8.064e-01  0.000e+00  0.000e+00  9.980e+02  1.147e+02
 0.6180  1.15944e+01  9.903e+00  1.691e+00  0.000e+00  1.691e+00  0.000e+00  0.000e+00  0.000e+00  1.625e+00  6.569e-02  0.000e+00  0.000e+00  1.107e+03  9.148e+01
 0.6200  1.15936e+01  1.057e+01  1.023e+00  0.000e+00  1.023e+00  0.000e+00  0.000e+00  0.000e+00  4.481e-01  5.750e-01  0.000e+00  0.000e+00  1.182e+03 -1.876e+01
 0.6220  1.15958e+01  8.220e+00  3.376e+00  0.000e+00  3.376e+00  0.000e+00  0.000e+00  0.000e+00  1.842e+00  1.534e+00  0.000e+00  0.000e+00  9.192e+02 -3.142e+01
 0.6240  1.15930e+01  1.030e+01  1.292e+00  0.000e+00  1.292e+00  0.000e+00  0.000e+00  0.000e+00  5.622e-01  7.301e-01  0.000e+00  0.000e+00  1.152e+03  7.359e+01
 0.6260  1.15957e+01  8.344e+00  3.252e+00  0.000e+00  3.252e+00  0.000e+00  0.000e+00  0.000e+00  3.237e+00  1.559e-02  0.000e+00  0.000e+00  9.330e+02  1.216e+02
 0.6280  1.15931e+01  1.101e+01  5.878e-01  0.000e+00  5.878e-01  0.000e+00  0.000e+00  0.000e+00  3.485e-01  2.394e-01  0.000e+00  0.000e+00  1.231e+03  3.251e+01
 0.6300  1.15957e+01  9.260e+00  2.335e+00  0.000e+00  2.335e+00  0.000e+00  0.000e+00  0.000e+00  1.826e+00  5.090e-01  0.000e+00  0.000e+00  1.036e+03 -4.705e+01
 0.6320  1.15937e+01  1.076e+01  8.371e-01  0.000e+00  8.371e-01  0.000e+00  0.000e+00  0.000e+00  7.082e-01  1.289e-01  0.000e+00  0.000e+00  1.203e+03  1.467e+01
 0.6340  1.15945e+01  9.337e+00  2.257e+00  0.000e+00  2.257e+00  0.000e+00  0.000e+00  0.000e+00  2.097e+00  1.603e-01  0.000e+00  0.000e+00  1.044e+03  1.156e+02
 0.6360  1.15948e+01  8.516e+00  3.079e+00  0.000e+00  3.079e+00  0.000e+00  0.000e+00  0.000e+00  1.883e+00  1.196e+00  0.000e+00  0.000e+00  9.523e+02  8.992e+01
 0.6380  1.15941e+01  9.873e+00  1.721e+00  0.000e+00  1.721e+00  0.000e+00  0.000e+00  0.000e+00  4.232e-01  1.298e+00  0.000e+00  0.000e+00  1.104e+03 -1.848e+01
 0.6400  1.15950e+01  1.018e+01  1.419e+00  0.000e+00  1.419e+00  0.000e+00  0.000e+00  0.000e+00  1.338e+00  8.064e-02  0.000e+00  0.000e+00  1.138e+03 -2.879e+01
 0.6420  1.15933e+01  1.051e+01  1.084e+00  0.000e+00  1.084e+00  0.000e+00  0.000e+00  0.000e+00  6.429e-01  4.414e-01  0.000e+00  0.000e+00  1.175e+03  7.488e+01
 0.6440  1.15962e+01  7.614e+00  3.982e+00  0.000e+00  3.982e+00  0.000e+00  0.000e+00  0.000e+00  3.215e+00  7.676e-01  0.000e+00  0.000e+00  8.514e+02  1.162e+02
 0.6460  1.15926e+01  1.147e+01  1.265e-01  0.000e+00  1.265e-01  0.000e+00  0.000e+00  0.000e+00  2.789e-02  9.864e-02  0.000e+00  0.000e+00  1.282e+03  2.528e+01
 0.6480  1.15960e+01  9.187e+00  2.409e+00  0.000e+00  2.409e+00  0.000e+00  0.000e+00  0.000e+00  2.168e+00  2.408e-01  0.000e+00  0.000e+00  1.027e+03 -4.318e+01
 0.6500  1.15930e+01  1.065e+01  9.480e-01  0.000e+00  9.480e-01  0.000e+00  0.000e+00  0.000e+00  1.880e-01  7.600e-01  0.000e+00  0.000e+00  1.190e+03  2.752e+01
 0.6520  1.15955e+01  7.874e+00  3.722e+00  0.000e+00  3.722e+00  0.000e+00  0.000e+00  0.000e+00  3.204e+00  5.176e-01  0.000e+00  0.000e+00  8.805e+02  1.192e+02
 0.6540  1.15937e+01  9.923e+00  1.671e+00  0.000e+00  1.671e+00  0.000e+00  0.000e+00  0.000e+00  1.627e+00  4.328e-02  0.000e+00  0.000e+00  1.110e+03  7.858e+01
 0.6560  1.15943e+01  1.047e+01  1.127e+00  0.000e+00  1.127e+00  0.000e+00  0.000e+00  0.000e+00  8.305e-01  2.964e-01  0.000e+00  0.000e+00  1.171e+03 -2.739e+01
 0.6580  1.15952e+01  9.257e+00  2.339e+00  0.000e+00  2.339e+00  0.000e+00  0.000e+00  0.000e+00  1.156e+00  1.183e+00  0.000e+00  0.000e+00  1.035e+03 -2.410e+01
 0.6600  1.15937e+01  1.003e+01  1.562e+00  0.000e+00  1.562e+00  0.000e+00  0.000e+00  0.000e+00  8.884e-01  6.739e-01  0.000e+00  0.000e+00  1.122e+03  8.009e+01
 0.6620  1.15953e+01  8.973e+00  2.623e+00  0.000e+00  2.623e+00  0.000e+00  0.000e+00  0.000e+00  2.614e+00  8.821e-03  0.000e+00  0.000e+00  1.003e+03  1.124e+02
 0.6640  1.15934e+01  1.069e+01  9.042e-01  0.000e+00  9.042e-01  0.000e+00  0.000e+00  0.000e+00  4.668e-02  8.575e-01  0.000e+00  0.000e+00  1.195e+03  2.469e+01
 0.6660  1.15961e+01  9.106e+00  2.491e+00  0.000e+00  2.491e+00  0.000e+00  0.000e+00  0.000e+00  1.748e+00  7.428e-01  0.000e+00  0.000e+00  1.018e+03 -3.312e+01
 0.6680  1.15925e+01  1.156e+01  3.238e-02  0.000e+00  3.238e-02  0.000e+00  0.000e+00  0.000e+00  3.199e-02  3.952e-04  0.000e+00  0.000e+00  1.293e+03  3.445e+01
 0.6700  1.15961e+01  7.593e+00  4.003e+00  0.000e+00  4.003e+00  0.000e+00  0.000e+00  0.000e+00  3.360e+00  6.425e-01  0.000e+00  0.000e+00  8.491e+02  1.101e+02
 0.6720  1.15931e+01  1.000e+01  1.592e+00  0.000e+00  1.592e+00  0.000e+00  0.000e+00  0.000e+00  5.599e-01  1.032e+00  0.000e+00  0.000e+00  1.118e+03  6.331e+01
 0.6740  1.15952e+01  9.060e+00  2.536e+00  0.000e+00  2.536e+00  0.000e+00  0.000e+00  0.000e+00  2.024e+00  5.118e-01  0.000e+00  0.000e+00  1.013e+03 -2.922e+01
 0.6760  1.15940e+01  1.032e+01  1.270e+00  0.000e+00  1.270e+00  0.000e+00  0.000e+00  0.000e+00  1.258e+00  1.186e-02  0.000e+00  0.000e+00  1.155e+03 -1.193e+01
 0.6780  1.15940e+01  9.985e+00  1.609e+00  0.000e+00  1.609e+00  0.000e+00  0.000e+00  0.000e+00  1.351e+00  2.579e-01  0.000e+00  0.000e+00  1.117e+03  8.921e+01
 0.6800  1.15956e+01  8.369e+00  3.227e+00  0.000e+00  3.227e+00  0.000e+00  0.000e+00  0.000e+00  2.612e+00  6.151e-01  0.000e+00  0.000e+00  9.359e+02  1.100e+02
 0.6820  1.15931e+01  1.122e+01  3.780e-01  0.000e+00  3.780e-01  0.000e+00  0.000e+00  0.000e+00  2.165e-01  1.615e-01  0.000e+00  0.000e+00  1.254e+03  1.823e+01
 0.6840  1.15957e+01  9.247e+00  2.349e+00  0.000e+00  2.349e+00  0.000e+00  0.000e+00  0.000e+00  2.047e+00  3.016e-01  0.000e+00  0.000e+00  1.034e+03 -3.552e+01
 0.6860  1.15934e+01  1.023e+01  1.360e+00  0.000e+00  1.360e+00  0.000e+00  0.000e+00  0.000e+00  3.834e-02  1.322e+00  0.000e+00  0.000e+00  1.144e+03  3.260e+01
 0.6880  1.15959e+01  8.415e+00  3.181e+00  0.000e+00  3.181e+00  0.000e+00  0.000e+00  0.000e+00  2.536e+00  6.455e-01  0.000e+00  0.000e+00  9.410e+02  1.062e+02
 0.6900  1.15927e+01  1.120e+01  3.883e-01  0.000e+00  3.883e-01  0.000e+00  0.000e+00  0.000e+00  3.685e-01  1.978e-02  0.000e+00  0.000e+00  1.253e+03  6.600e+01
 0.6920  1.15958e+01  8.361e+00  3.235e+00  0.000e+00  3.235e+00  0.000e+00  0.000e+00  0.000e+00  2.384e+00  8.512e-01  0.000e+00  0.000e+00  9.350e+02 -1.732e+01
 0.6940  1.15937e+01  1.011e+01  1.487e+00  0.000e+00  1.487e+00  0.000e+00  0.000e+00  0.000e+00  5.738e-01  9.132e-01  0.000e+00  0.000e+00  1.130e+03 -5.688e+00
 0.6960  1.15946e+01  9.559e+00  2.036e+00  0.000e+00  2.036e+00  0.000e+00  0.000e+00  0.000e+00  1.880e+00  1.556e-01  0.000e+00  0.000e+00  1.069e+03  8.119e+01
 0.6980  1.15946e+01  9.483e+00  2.111e+00  0.000e+00  2.111e+00  0.000e+00  0.000e+00  0.000e+00  2.034e+00  7.779e-02  0.000e+00  0.000e+00  1.060e+03  9.981e+01
 0.7000  1.15936e+01  1.030e+01  1.297e+00  0.000e+00  1.297e+00  0.000e+00  0.000e+00  0.000e+00  7.492e-01  5.476e-01  0.000e+00  0.000e+00  1.151e+03  1.768e+01
 0.7020  1.15958e+01  8.783e+00  2.813e+00  0.000e+00  2.813e+00  0.000e+00  0.000e+00  0.000e+00  2.339e+00  4.737e-01  0.000e+00  0.000e+00  9.822e+02 -3.193e+01
 0.7040  1.15927e+01  1.152e+01  7.598e-02  0.000e+00  7.598e-02  0.000e+00  0.000e+00  0.000e+00  7.594e-02  3.809e-05  0.000e+00  0.000e+00  1.288e+03  3.283e+01
 0.7060  1.15959e+01  8.135e+00  3.461e+00  0.000e+00  3.461e+00  0.000e+00  0.000e+00  0.000e+00  2.764e+00  6.974e-01  0.000e+00  0.000e+00  9.097e+02  1.074e+02
 0.7080  1.15935e+01  9.609e+00  1.985e+00  0.000e+00  1.985e+00  0.000e+00  0.000e+00  0.000e+00  5.315e-01  1.453e+00  0.000e+00  0.000e+00  1.074e+03  7.117e+01
 0.7100  1.15955e+01  9.205e+00  2.391e+00  0.000e+00  2.391e+00  0.000e+00  0.000e+00  0.000e+00  1.853e+00  5.375e-01  0.000e+00  0.000e+00  1.029e+03 -1.578e+01
 0.7120  1.15933e+01  1.122e+01  3.704e-01  0.000e+00  3.704e-01  0.000e+00  0.000e+00  0.000e+00  3.129e-01  5.744e-02  0.000e+00  0.000e+00  1.255e+03 -1.051e+01
 0.7140  1.15953e+01  8.848e+00  2.747e+00  0.000e+00  2.747e+00  0.000e+00  0.000e+00  0.000e+00  2.119e+00  6.279e-01  0.000e+00  0.000e+00  9.894e+02  7.595e+01
 0.7160  1.15942e+01  9.746e+00  1.848e+00  0.000e+00  1.848e+00  0.000e+00  0.000e+00  0.000e+00  1.532e+00  3.163e-01  0.000e+00  0.000e+00  1.090e+03  9.848e+01
 0.7180  1.15940e+01  1.026e+01  1.333e+00  0.000e+00  1.333e+00  0.000e+00  0.000e+00  0.000e+00  1.303e+00  3.041e-02  0.000e+00  0.000e+00  1.147e+03  2.091e+01
 0.7200  1.15950e+01  9.193e+00  2.402e+00  0.000e+00  2.402e+00  0.000e+00  0.000e+00  0.000e+00  1.620e+00  7.813e-01  0.000e+00  0.000e+00  1.028e+03 -2.617e+01
 0.7220  1.15934e+01  9.770e+00  1.823e+00  0.000e+00  1.823e+00  0.000e+00  0.000e+00  0.000e+00  6.579e-01  1.165e+00  0.000e+00  0.000e+00  1.093e+03  3.518e+01
 0.7240  1.15957e+01  7.937e+00  3.659e+00  0.000e+00  3.659e+00  0.000e+00  0.000e+00  0.000e+00  3.173e+00  4.862e-01  0.000e+00  0.000e+00  8.876e+02  1.028e+02
 0.7260  1.15928e+01  1.119e+01  3.990e-01  0.000e+00  3.990e-01  0.000e+00  0.000e+00  0.000e+00  3.966e-01  2.461e-03  0.000e+00  0.000e+00  1.252e+03  6.540e+01
 0.7280  1.15959e+01  9.213e+00  2.383e+00  0.000e+00  2.383e+00  0.000e+00  0.000e+00  0.000e+00  1.788e+00  5.943e-01  0.000e+00  0.000e+00  1.030e+03 -1.517e+01
 0.7300  1.15936e+01  1.071e+01  8.876e-01  0.000e+00  8.876e-01  0.000e+00  0.000e+00  0.000e+00  2.008e-01  6.868e-01  0.000e+00  0.000e+00  1.197e+03 -7.165e+00
 0.7320  1.15950e+01  9.391e+00  2.204e+00  0.000e+00  2.204e+00  0.000e+00  0.000e+00  0.000e+00  2.197e+00  7.584e-03  0.000e+00  0.000e+00  1.050e+03  7.473e+01
 0.7340  1.15939e+01  9.651e+00  1.943e+00  0.000e+00  1.943e+00  0.000e+00  0.000e+00  0.000e+00  1.282e+00  6.602e-01  0.000e+00  0.000e+00  1.079e+03  9.700e+01
 0.7360  1.15952e+01  8.964e+00  2.632e+00  0.000e+00  2.632e+00  0.000e+00  0.000e+00  0.000e+00  1.323e+00  1.309e+00  0.000e+00  0.000e+00  1.002e+03  2.614e+01
 0.7380  1.15940e+01  1.054e+01  1.050e+00  0.000e+00  1.050e+00  0.000e+00  0.000e+00  0.000e+00  6.717e-01  3.782e-01  0.000e+00  0.000e+00  1.179e+03 -1.923e+01
 0.7400  1.15941e+01  9.780e+00  1.814e+00  0.000e+00  1.814e+00  0.000e+00  0.000e+00  0.000e+00  1.745e+00  6.868e-02  0.000e+00  0.000e+00  1.094e+03  3.357e+01
 0.7420  1.15950e+01  8.403e+00  3.192e+00  0.000e+00  3.192e+00  0.000e+00  0.000e+00  0.000e+00  2.568e+00  6.241e-01  0.000e+00  0.000e+00  9.397e+02  9.260e+01
 0.7440  1.15935e+01  1.024e+01  1.358e+00  0.000e+00  1.358e+00  0.000e+00  0.000e+00  0.000e+00  7.496e-01  6.082e-01  0.000e+00  0.000e+00  1.145e+03  5.816e+01
 0.7460  1.15955e+01  9.413e+00  2.182e+00  0.000e+00  2.182e+00  0.000e+00  0.000e+00  0.000e+00  2.087e+00  9.500e-02  0.000e+00  0.000e+00  1.053e+03 -1.055e+01
 0.7480  1.15930e+01  1.122e+01  3.692e-01  0.000e+00  3.692e-01  0.000e+00  0.000e+00  0.000e+00  2.095e-01  1.597e-01  0.000e+00  0.000e+00  1.255e+03  3.195e+00
 0.7500  1.15958e+01  7.996e+00  3.600e+00  0.000e+00  3.600e+00  0.000e+00  0.000e+00  0.000e+00  2.867e+00  7.331e-01  0.000e+00  0.000e+00  8.941e+02  7.775e+01
 0.7520  1.15935e+01  1.016e+01  1.437e+00  0.000e+00  1.437e+00  0.000e+00  0.000e+00  0.000e+00  1.022e+00  4.155e-01  0.000e+00  0.000e+00  1.136e+03  9.121e+01
 0.7540  1.15948e+01  1.016e+01  1.435e+00  0.000e+00  1.435e+00  0.000e+00  0.000e+00  0.000e+00  1.379e+00  5.604e-02  0.000e+00  0.000e+00  1.136e+03  2.253e+01
 0.7560  1.15941e+01  9.909e+00  1.685e+00  0.000e+00  1.685e+00  0.000e+00  0.000e+00  0.000e+00  4.251e-01  1.260e+00  0.000e+00  0.000e+00  1.108e+03 -1.761e+01
 0.7580  1.15952e+01  8.648e+00  2.947e+00  0.000e+00  2.947e+00  0.000e+00  0.000e+00  0.000e+00  1.633e+00  1.314e+00  0.000e+00  0.000e+00  9.671e+02  3.110e+01
 0.7600  1.15938e+01  1.018e+01  1.412e+00  0.000e+00  1.412e+00  0.000e+00  0.000e+00  0.000e+00  1.266e+00  1.460e-01  0.000e+00  0.000e+00  1.139e+03  8.702e+01
 0.7620  1.15945e+01  9.560e+00  2.034e+00  0.000e+00  2.034e+00  0.000e+00  0.000e+00  0.000e+00  1.844e+00  1.903e-01  0.000e+00  0.000e+00  1.069e+03  6.291e+01
 0.7640  1.15948e+01  9.501e+00  2.094e+00  0.000e+00  2.094e+00  0.000e+00  0.000e+00  0.000e+00  1.527e+00  5.670e-01  0.000e+00  0.000e+00  1.062e+03  2.568e+00
 0.7660  1.15937e+01  1.064e+01  9.560e-01  0.000e+00  9.560e-01  0.000e+00  0.000e+00  0.000e+00  7.370e-01  2.190e-01  0.000e+00  0.000e+00  1.190e+03  6.044e+00
 0.7680  1.15953e+01  9.018e+00  2.577e+00  0.000e+00  2.577e+00  0.000e+00  0.000e+00  0.000e+00  2.556e+00  2.081e-02  0.000e+00  0.000e+00  1.008e+03  6.670e+01
 0.7700  1.15931e+01  1.020e+01  1.397e+00  0.000e+00  1.397e+00  0.000e+00  0.000e+00  0.000e+00  8.240e-01  5.735e-01  0.000e+00  0.000e+00  1.140e+03  8.222e+01
 0.7720  1.15957e+01  8.003e+00  3.592e+00  0.000e+00  3.592e+00  0.000e+00  0.000e+00  0.000e+00  2.517e+00  1.075e+00  0.000e+00  0.000e+00  8.950e+02  2.267e+01
 0.7740  1.15935e+01  1.075e+01  8.424e-01  0.000e+00  8.424e-01  0.000e+00  0.000e+00  0.000e+00  4.740e-01  3.683e-01  0.000e+00  0.000e+00  1.202e+03 -1.597e+01
 0.7760  1.15948e+01  1.014e+01  1.460e+00  0.000e+00  1.460e+00  0.000e+00  0.000e+00  0.000e+00  1.338e+00  1.222e-01  0.000e+00  0.000e+00  1.133e+03  3.364e+01
 0.7780  1.15943e+01  9.322e+00  2.272e+00  0.000e+00  2.272e+00  0.000e+00  0.000e+00  0.000e+00  1.262e+00  1.010e+00  0.000e+00  0.000e+00  1.042e+03  9.544e+01
 0.7800  1.15950e+01  8.887e+00  2.708e+00  0.000e+00  2.708e+00  0.000e+00  0.000e+00  0.000e+00  2.019e+00  6.887e-01  0.000e+00  0.000e+00  9.939e+02  6.886e+01
 0.7820  1.15938e+01  1.073e+01  8.664e-01  0.000e+00  8.664e-01  0.000e+00  0.000e+00  0.000e+00  8.663e-01  1.036e-04  0.000e+00  0.000e+00  1.200e+03 -4.289e+00
 0.7840  1.15948e+01  9.881e+00  1.714e+00  0.000e+00  1.714e+00  0.000e+00  0.000e+00  0.000e+00  1.133e+00  5.814e-01  0.000e+00  0.000e+00  1.105e+03 -5.873e+00
 0.7860  1.15946e+01  9.494e+00  2.101e+00  0.000e+00  2.101e+00  0.000e+00  0.000e+00  0.000e+00  1.427e+00  6.741e-01  0.000e+00  0.000e+00  1.062e+03  6.512e+01
 0.7880  1.15938e+01  9.850e+00  1.744e+00  0.000e+00  1.744e+00  0.000e+00  0.000e+00  0.000e+00  1.659e+00  8.541e-02  0.000e+00  0.000e+00  1.101e+03  9.069e+01
 0.7900  1.15950e+01  8.954e+00  2.641e+00  0.000e+00  2.641e+00  0.000e+00  0.000e+00  0.000e+00  2.429e+00  2.128e-01  0.000e+00  0.000e+00  1.001e+03  2.909e+01
 0.7920  1.15935e+01  1.019e+01  1.407e+00  0.000e+00  1.407e+00  0.000e+00  0.000e+00  0.000e+00  3.485e-01  1.059e+00  0.000e+00  0.000e+00  1.139e+03 -1.697e+01
 0.7940  1.15955e+01  8.612e+00  2.983e+00  0.000e+00  2.983e+00  0.000e+00  0.000e+00  0.000e+00  1.990e+00  9.937e-01  0.000e+00  0.000e+00  9.631e+02  3.019e+01
 0.7960  1.15934e+01  1.038e+01  1.212e+00  0.000e+00  1.212e+00  0.000e+00  0.000e+00  0.000e+00  1.095e+00  1.167e-01  0.000e+00  0.000e+00  1.161e+03  9.419e+01
 0.7980  1.15951e+01  9.260e+00  2.335e+00  0.000e+00  2.335e+00  0.000e+00  0.000e+00  0.000e+00  2.083e+00  2.520e-01  0.000e+00  0.000e+00  1.036e+03  6.839e+01
 0.8000  1.15941e+01  1.021e+01  1.385e+00  0.000e+00  1.385e+00  0.000e+00  0.000e+00  0.000e+00  5.890e-01  7.956e-01  0.000e+00  0.000e+00  1.142e+03 -7.627e+00
 0.8020  1.15949e+01  1.012e+01  1.476e+00  0.000e+00  1.476e+00  0.000e+00  0.000e+00  0.000e+00  1.315e+00  1.603e-01  0.000e+00  0.000e+00  1.132e+03 -9.273e+00
 0.8040  1.15938e+01  1.028e+01  1.316e+00  0.000e+00  1.316e+00  0.000e+00  0.000e+00  0.000e+00  1.029e+00  2.871e-01  0.000e+00  0.000e+00  1.149e+03  6.855e+01
 0.8060  1.15951e+01  8.207e+00  3.388e+00  0.000e+00  3.388e+00  0.000e+00  0.000e+00  0.000e+00  2.147e+00  1.241e+00  0.000e+00  0.000e+00  9.178e+02  9.940e+01
 0.8080  1.15944e+01  9.382e+00  2.212e+00  0.000e+00  2.212e+00  0.000e+00  0.000e+00  0.000e+00  1.227e+00  9.854e-01  0.000e+00  0.000e+00  1.049e+03  3.220e+01
 0.8100  1.15939e+01  1.054e+01  1.051e+00  0.000e+00  1.051e+00  0.000e+00  0.000e+00  0.000e+00  9.601e-01  9.047e-02  0.000e+00  0.000e+00  1.179e+03 -2.283e+01
 0.8120  1.15951e+01  9.258e+00  2.337e+00  0.000e+00  2.337e+00  0.000e+00  0.000e+00  0.000e+00  2.154e+00  1.832e-01  0.000e+00  0.000e+00  1.035e+03  2.405e+01
 0.8140  1.15936e+01  1.003e+01  1.565e+00  0.000e+00  1.565e+00  0.000e+00  0.000e+00  0.000e+00  1.054e+00  5.105e-01  0.000e+00  0.000e+00  1.122e+03  9.383e+01
 0.8160  1.15955e+01  8.947e+00  2.648e+00  0.000e+00  2.648e+00  0.000e+00  0.000e+00  0.000e+00  2.459e+00  1.893e-01  0.000e+00  0.000e+00  1.001e+03  7.038e+01
 0.8180  1.15931e+01  1.118e+01  4.094e-01  0.000e+00  4.094e-01  0.000e+00  0.000e+00  0.000e+00  3.090e-01  1.003e-01  0.000e+00  0.000e+00  1.251e+03 -5.936e+00
 0.8200  1.15955e+01  8.567e+00  3.029e+00  0.000e+00  3.029e+00  0.000e+00  0.000e+00  0.000e+00  1.940e+00  1.089e+00  0.000e+00  0.000e+00  9.580e+02 -7.539e+00
 0.8220  1.15939e+01  9.320e+00  2.274e+00  0.000e+00  2.274e+00  0.000e+00  0.000e+00  0.000e+00  1.115e+00  1.159e+00  0.000e+00  0.000e+00  1.042e+03  6.879e+01
 0.8240  1.15948e+01  9.586e+00  2.009e+00  0.000e+00  2.009e+00  0.000e+00  0.000e+00  0.000e+00  1.893e+00  1.164e-01  0.000e+00  0.000e+00  1.072e+03  9.816e+01
 0.8260  1.15939e+01  1.061e+01  9.821e-01  0.000e+00  9.821e-01  0.000e+00  0.000e+00  0.000e+00  5.974e-01  3.847e-01  0.000e+00  0.000e+00  1.187e+03  3.215e+01
 0.8280  1.15950e+01  9.238e+00  2.357e+00  0.000e+00  2.357e+00  0.000e+00  0.000e+00  0.000e+00  1.315e+00  1.042e+00  0.000e+00  0.000e+00  1.033e+03 -2.394e+01
 0.8300  1.15945e+01  9.787e+00  1.808e+00  0.000e+00  1.808e+00  0.000e+00  0.000e+00  0.000e+00  1.516e+00  2.916e-01  0.000e+00  0.000e+00  1.094e+03  1.977e+01
 0.8320  1.15936e+01  1.029e+01  1.302e+00  0.000e+00  1.302e+00  0.000e+00  0.000e+00  0.000e+00  1.240e+00  6.188e-02  0.000e+00  0.000e+00  1.151e+03  9.327e+01
 0.8340  1.15956e+01  8.563e+00  3.033e+00  0.000e+00  3.033e+00  0.000e+00  0.000e+00  0.000e+00  2.466e+00  5.671e-01  0.000e+00  0.000e+00  9.575e+02  7.939e+01
 0.8360  1.15930e+01  1.088e+01  7.092e-01  0.000e+00  7.092e-01  0.000e+00  0.000e+00  0.000e+00  1.341e-01  5.751e-01  0.000e+00  0.000e+00  1.217e+03  2.438e+00
 0.8380  1.15958e+01  8.572e+00  3.023e+00  0.000e+00  3.023e+00  0.000e+00  0.000e+00  0.000e+00  2.953e+00  7.057e-02  0.000e+00  0.000e+00  9.586e+02 -1.207e+01
 0.8400  1.15928e+01  1.074e+01  8.574e-01  0.000e+00  8.574e-01  0.000e+00  0.000e+00  0.000e+00  6.225e-01  2.350e-01  0.000e+00  0.000e+00  1.200e+03  5.786e+01
 0.8420  1.15957e+01  8.066e+00  3.530e+00  0.000e+00  3.530e+00  0.000e+00  0.000e+00  0.000e+00  2.425e+00  1.105e+00  0.000e+00  0.000e+00  9.020e+02  9.444e+01
 0.8440  1.15939e+01  9.943e+00  1.651e+00  0.000e+00  1.651e+00  0.000e+00  0.000e+00  0.000e+00  7.118e-01  9.392e-01  0.000e+00  0.000e+00  1.112e+03  3.430e+01
 0.8460  1.15946e+01  1.036e+01  1.236e+00  0.000e+00  1.236e+00  0.000e+00  0.000e+00  0.000e+00  1.223e+00  1.383e-02  0.000e+00  0.000e+00  1.158e+03 -2.233e+01
 0.8480  1.15944e+01  1.009e+01  1.506e+00  0.000e+00  1.506e+00  0.000e+00  0.000e+00  0.000e+00  9.007e-01  6.057e-01  0.000e+00  0.000e+00  1.128e+03  2.359e+01
 0.8500  1.15946e+01  9.198e+00  2.397e+00  0.000e+00  2.397e+00  0.000e+00  0.000e+00  0.000e+00  1.701e+00  6.959e-01  0.000e+00  0.000e+00  1.029e+03  1.008e+02
 0.8520  1.15947e+01  9.758e+00  1.837e+00  0.000e+00  1.837e+00  0.000e+00  0.000e+00  0.000e+00  1.824e+00  1.305e-02  0.000e+00  0.000e+00  1.091e+03  8.144e+01
 0.8540  1.15935e+01  1.064e+01  9.582e-01  0.000e+00  9.582e-01  0.000e+00  0.000e+00  0.000e+00  4.193e-01  5.390e-01  0.000e+00  0.000e+00  1.189e+03 -6.416e+00
 0.8560  1.15960e+01  8.370e+00  3.226e+00  0.000e+00  3.226e+00  0.000e+00  0.000e+00  0.000e+00  2.115e+00  1.111e+00  0.000e+00  0.000e+00  9.360e+02 -2.202e+01
 0.8580  1.15926e+01  1.073e+01  8.579e-01  0.000e+00  8.579e-01  0.000e+00  0.000e+00  0.000e+00  2.890e-01  5.689e-01  0.000e+00  0.000e+00  1.200e+03  5.917e+01
 0.8600  1.15960e+01  7.833e+00  3.763e+00  0.000e+00  3.763e+00  0.000e+00  0.000e+00  0.000e+00  3.739e+00  2.408e-02  0.000e+00  0.000e+00  8.760e+02  1.033e+02
 0.8620  1.15928e+01  1.089e+01  7.026e-01  0.000e+00  7.026e-01  0.000e+00  0.000e+00  0.000e+00  4.218e-01  2.807e-01  0.000e+00  0.000e+00  1.218e+03  3.920e+01
 0.8640  1.15958e+01  9.043e+00  2.552e+00  0.000e+00  2.552e+00  0.000e+00  0.000e+00  0.000e+00  1.673e+00  8.796e-01  0.000e+00  0.000e+00  1.011e+03 -2.417e+01
 0.8660  1.15936e+01  1.066e+01  9.346e-01  0.000e+00  9.346e-01  0.000e+00  0.000e+00  0.000e+00  5.765e-01  3.581e-01  0.000e+00  0.000e+00  1.192e+03  2.171e+01
 0.8680  1.15945e+01  9.461e+00  2.134e+00  0.000e+00  2.134e+00  0.000e+00  0.000e+00  0.000e+00  2.042e+00  9.170e-02  0.000e+00  0.000e+00  1.058e+03  1.006e+02
 0.8700  1.15948e+01  8.895e+00  2.700e+00  0.000e+00  2.700e+00  0.000e+00  0.000e+00  0.000e+00  1.699e+00  1.001e+00  0.000e+00  0.000e+00  9.947e+02  7.674e+01
 0.8720  1.15942e+01  1.033e+01  1.262e+00  0.000e+00  1.262e+00  0.000e+00  0.000e+00  0.000e+00  5.236e-01  7.387e-01  0.000e+00  0.000e+00  1.155e+03 -1.477e+01
 0.8740  1.15949e+01  1.038e+01  1.219e+00  0.000e+00  1.219e+00  0.000e+00  0.000e+00  0.000e+00  1.215e+00  3.403e-03  0.000e+00  0.000e+00  1.160e+03 -1.964e+01
 0.8760  1.15934e+01  1.001e+01  1.583e+00  0.000e+00  1.583e+00  0.000e+00  0.000e+00  0.000e+00  8.625e-01  7.201e-01  0.000e+00  0.000e+00  1.119e+03  7.485e+01
 0.8780  1.15961e+01  7.236e+00  4.360e+00  0.000e+00  4.360e+00  0.000e+00  0.000e+00  0.000e+00  3.400e+00  9.605e-01  0.000e+00  0.000e+00  8.092e+02  1.124e+02
 0.8800  1.15925e+01  1.127e+01  3.226e-01  0.000e+00  3.226e-01  0.000e+00  0.000e+00  0.000e+00  6.407e-03  3.162e-01  0.000e+00  0.000e+00  1.260e+03  2.930e+01
 0.8820  1.15961e+01  9.168e+00  2.428e+00  0.000e+00  2.428e+00  0.000e+00  0.000e+00  0.000e+00  2.413e+00  1.465e-02  0.000e+00  0.000e+00  1.025e+03 -3.717e+01
 0.8840  1.15929e+01  1.107e+01  5.268e-01  0.000e+00  5.268e-01  0.000e+00  0.000e+00  0.000e+00  1.080e-01  4.188e-01  0.000e+00  0.000e+00  1.237e+03  2.315e+01
 0.8860  1.15957e+01  8.162e+00  3.433e+00  0.000e+00  3.433e+00  0.000e+00  0.000e+00  0.000e+00  2.987e+00  4.462e-01  0.000e+00  0.000e+00  9.128e+02  1.082e+02
 0.8880  1.15935e+01  1.036e+01  1.235e+00  0.000e+00  1.235e+00  0.000e+00  0.000e+00  0.000e+00  1.228e+00  7.079e-03  0.000e+00  0.000e+00  1.158e+03  7.555e+01
 0.8900  1.15944e+01  9.897e+00  1.698e+00  0.000e+00  1.698e+00  0.000e+00  0.000e+00  0.000e+00  9.962e-01  7.015e-01  0.000e+00  0.000e+00  1.107e+03 -1.899e+01
 0.8920  1.15951e+01  8.757e+00  2.838e+00  0.000e+00  2.838e+00  0.000e+00  0.000e+00  0.000e+00  1.109e+00  1.730e+00  0.000e+00  0.000e+00  9.792e+02 -1.650e+01
 0.8940  1.15937e+01  9.929e+00  1.665e+00  0.000e+00  1.665e+00  0.000e+00  0.000e+00  0.000e+00  9.738e-01  6.910e-01  0.000e+00  0.000e+00  1.110e+03  8.007e+01
 0.8960  1.15953e+01  9.114e+00  2.482e+00  0.000e+00  2.482e+00  0.000e+00  0.000e+00  0.000e+00  2.466e+00  1.612e-02  0.000e+00  0.000e+00  1.019e+03  1.107e+02
 0.8980  1.15933e+01  1.081e+01  7.814e-01  0.000e+00  7.814e-01  0.000e+00  0.000e+00  0.000e+00  1.500e-01  6.315e-01  0.000e+00  0.000e+00  1.209e+03  2.227e+01
 0.9000  1.15961e+01  8.933e+00  2.663e+00  0.000e+00  2.663e+00  0.000e+00  0.000e+00  0.000e+00  2.208e+00  4.544e-01  0.000e+00  0.000e+00  9.990e+02 -4.111e+01
 0.9020  1.15926e+01  1.159e+01  4.267e-03  0.000e+00  4.267e-03  0.000e+00  0.000e+00  0.000e+00  3.160e-03  1.107e-03  0.000e+00  0.000e+00  1.296e+03  2.677e+01
 0.9040  1.15960e+01  7.898e+00  3.698e+00  0.000e+00  3.698e+00  0.000e+00  0.000e+00  0.000e+00  3.226e+00  4.722e-01  0.000e+00  0.000e+00  8.832e+02  1.157e+02
 0.9060  1.15933e+01  9.834e+00  1.760e+00  0.000e+00  1.760e+00  0.000e+00  0.000e+00  0.000e+00  7.712e-01  9.885e-01  0.000e+00  0.000e+00  1.100e+03  7.923e+01
 0.9080  1.15951e+01  9.031e+00  2.564e+00  0.000e+00  2.564e+00  0.000e+00  0.000e+00  0.000e+00  1.909e+00  6.552e-01  0.000e+00  0.000e+00  1.010e+03 -2.318e+01
 0.9100  1.15941e+01  1.032e+01  1.272e+00  0.000e+00  1.272e+00  0.000e+00  0.000e+00  0.000e+00  1.263e+00  8.995e-03  0.000e+00  0.000e+00  1.154e+03 -2.257e+01
 0.9120  1.15939e+01  1.004e+01  1.556e+00  0.000e+00  1.556e+00  0.000e+00  0.000e+00  0.000e+00  1.077e+00  4.787e-01  0.000e+00  0.000e+00  1.122e+03  8.004e+01
 0.9140  1.15956e+01  8.341e+00  3.255e+00  0.000e+00  3.255e+00  0.000e+00  0.000e+00  0.000e+00  2.426e+00  8.291e-01  0.000e+00  0.000e+00  9.327e+02  1.129e+02
 0.9160  1.15930e+01  1.126e+01  3.335e-01  0.000e+00  3.335e-01  0.000e+00  0.000e+00  0.000e+00  2.429e-01  9.065e-02  0.000e+00  0.000e+00  1.259e+03  1.999e+01
 0.9180  1.15958e+01  9.121e+00  2.474e+00  0.000e+00  2.474e+00  0.000e+00  0.000e+00  0.000e+00  1.956e+00  5.187e-01  0.000e+00  0.000e+00  1.020e+03 -4.229e+01
 0.9200  1.15933e+01  1.032e+01  1.274e+00  0.000e+00  1.274e+00  0.000e+00  0.000e+00  0.000e+00  4.024e-02  1.234e+00  0.000e+00  0.000e+00  1.154e+03  3.282e+01
 0.9220  1.15957e+01  8.469e+00  3.127e+00  0.000e+00  3.127e+00  0.000e+00  0.000e+00  0.000e+00  2.792e+00  3.346e-01  0.000e+00  0.000e+00  9.471e+02  1.228e+02
 0.9240  1.15930e+01  1.090e+01  6.973e-01  0.000e+00  6.973e-01  0.000e+00  0.000e+00  0.000e+00  6.176e-01  7.963e-02  0.000e+00  0.000e+00  1.218e+03  7.722e+01
 0.9260  1.15955e+01  8.675e+00  2.921e+00  0.000e+00  2.921e+00  0.000e+00  0.000e+00  0.000e+00  2.160e+00  7.610e-01  0.000e+00  0.000e+00  9.701e+02 -3.328e+01
 0.9280  1.15939e+01  1.003e+01  1.566e+00  0.000e+00  1.566e+00  0.000e+00  0.000e+00  0.000e+00  7.808e-01  7.850e-01  0.000e+00  0.000e+00  1.121e+03 -2.880e+01
 0.9300  1.15942e+01  9.675e+00  1.919e+00  0.000e+00  1.919e+00  0.000e+00  0.000e+00  0.000e+00  1.691e+00  2.281e-01  0.000e+00  0.000e+00  1.082e+03  8.420e+01
 0.9320  1.15949e+01  9.040e+00  2.555e+00  0.000e+00  2.555e+00  0.000e+00  0.000e+00  0.000e+00  2.534e+00  2.092e-02  0.000e+00  0.000e+00  1.011e+03  1.210e+02
 0.9340  1.15935e+01  1.055e+01  1.040e+00  0.000e+00  1.040e+00  0.000e+00  0.000e+00  0.000e+00  4.765e-01  5.638e-01  0.000e+00  0.000e+00  1.180e+03  2.324e+01
 0.9360  1.15959e+01  9.029e+00  2.566e+00  0.000e+00  2.566e+00  0.000e+00  0.000e+00  0.000e+00  1.932e+00  6.350e-01  0.000e+00  0.000e+00  1.010e+03 -4.479e+01
 0.9380  1.15927e+01  1.153e+01  6.567e-02  0.000e+00  6.567e-02  0.000e+00  0.000e+00  0.000e+00  6.482e-02  8.522e-04  0.000e+00  0.000e+00  1.289e+03  3.115e+01
 0.9400  1.15958e+01  7.879e+00  3.717e+00  0.000e+00  3.717e+00  0.000e+00  0.000e+00  0.000e+00  2.738e+00  9.791e-01  0.000e+00  0.000e+00  8.811e+02  1.220e+02
 0.9420  1.15937e+01  9.545e+00  2.049e+00  0.000e+00  2.049e+00  0.000e+00  0.000e+00  0.000e+00  5.195e-01  1.529e+00  0.000e+00  0.000e+00  1.067e+03  7.038e+01
 0.9440  1.15951e+01  9.871e+00  1.725e+00  0.000e+00  1.725e+00  0.000e+00  0.000e+00  0.000e+00  1.429e+00  2.957e-01  0.000e+00  0.000e+00  1.104e+03 -3.991e+01
 0.9460  1.15936e+01  1.097e+01  6.244e-01  0.000e+00  6.244e-01  0.000e+00  0.000e+00  0.000e+00  4.520e-01  1.723e-01  0.000e+00  0.000e+00  1.227e+03 -2.003e+01
 0.9480  1.15950e+01  8.629e+00  2.966e+00  0.000e+00  2.966e+00  0.000e+00  0.000e+00  0.000e+00  2.402e+00  5.633e-01  0.000e+00  0.000e+00  9.650e+02  1.013e+02
 0.9500  1.15944e+01  9.197e+00  2.398e+00  0.000e+00  2.398e+00  0.000e+00  0.000e+00  0.000e+00  2.140e+00  2.576e-01  0.000e+00  0.000e+00  1.028e+03  1.226e+02
 0.9520  1.15938e+01  1.069e+01  9.082e-01  0.000e+00  9.082e-01  0.000e+00  0.000e+00  0.000e+00  9.082e-01  6.131e-05  0.000e+00  0.000e+00  1.195e+03  7.341e+00
 0.9540  1.15952e+01  9.649e+00  1.946e+00  0.000e+00  1.946e+00  0.000e+00  0.000e+00  0.000e+00  1.592e+00  3.541e-01  0.000e+00  0.000e+00  1.079e+03 -5.424e+01
 0.9560  1.15935e+01  1.001e+01  1.584e+00  0.000e+00  1.584e+00  0.000e+00  0.000e+00  0.000e+00  7.347e-01  8.492e-01  0.000e+00  0.000e+00  1.119e+03  3.775e+01
 0.9580  1.15957e+01  8.001e+00  3.595e+00  0.000e+00  3.595e+00  0.000e+00  0.000e+00  0.000e+00  3.181e+00  4.133e-01  0.000e+00  0.000e+00  8.947e+02  1.271e+02
 0.9600  1.15929e+01  1.111e+01  4.861e-01  0.000e+00  4.861e-01  0.000e+00  0.000e+00  0.000e+00  4.356e-01  5.048e-02  0.000e+00  0.000e+00  1.242e+03  6.642e+01
 0.9620  1.15957e+01  9.068e+00  2.527e+00  0.000e+00  2.527e+00  0.000e+00  0.000e+00  0.000e+00  1.266e+00  1.262e+00  0.000e+00  0.000e+00  1.014e+03 -3.885e+01
 0.9640  1.15940e+01  1.000e+01  1.591e+00  0.000e+00  1.591e+00  0.000e+00  0.000e+00  0.000e+00  3.478e-01  1.243e+00  0.000e+00  0.000e+00  1.119e+03 -1.081e+01
 0.9660  1.15946e+01  9.459e+00  2.135e+00  0.000e+00  2.135e+00  0.000e+00  0.000e+00  0.000e+00  2.083e+00  5.197e-02  0.000e+00  0.000e+00  1.058e+03  1.033e+02
 0.9680  1.15944e+01  9.560e+00  2.035e+00  0.000e+00  2.035e+00  0.000e+00  0.000e+00  0.000e+00  1.636e+00  3.984e-01  0.000e+00  0.000e+00  1.069e+03  1.115e+02
 0.9700  1.15945e+01  9.985e+00  1.609e+00  0.000e+00  1.609e+00  0.000e+00  0.000e+00  0.000e+00  8.887e-01  7.206e-01  0.000e+00  0.000e+00  1.117e+03 -2.837e+00
 0.9720  1.15946e+01  1.030e+01  1.298e+00  0.000e+00  1.298e+00  0.000e+00  0.000e+00  0.000e+00  1.183e+00  1.153e-01  0.000e+00  0.000e+00  1.151e+03 -4.974e+01
 0.9740  1.15937e+01  1.012e+01  1.472e+00  0.000e+00  1.472e+00  0.000e+00  0.000e+00  0.000e+00  1.327e+00  1.442e-01  0.000e+00  0.000e+00  1.132e+03  5.024e+01
 0.9760  1.15952e+01  8.023e+00  3.572e+00  0.000e+00  3.572e+00  0.000e+00  0.000e+00  0.000e+00  2.812e+00  7.600e-01  0.000e+00  0.000e+00  8.972e+02  1.317e+02
 0.9780  1.15937e+01  9.658e+00  1.936e+00  0.000e+00  1.936e+00  0.000e+00  0.000e+00  0.000e+00  9.410e-01  9.949e-01  0.000e+00  0.000e+00  1.080e+03  5.986e+01
 0.9800  1.15951e+01  9.652e+00  1.943e+00  0.000e+00  1.943e+00  0.000e+00  0.000e+00  0.000e+00  1.619e+00  3.240e-01  0.000e+00  0.000e+00  1.079e+03 -4.563e+01
 0.9820  1.15935e+01  1.100e+01  5.945e-01  0.000e+00  5.945e-01  0.000e+00  0.000e+00  0.000e+00  5.059e-01  8.861e-02  0.000e+00  0.000e+00  1.230e+03 -9.319e+00
 0.9840  1.15952e+01  8.736e+00  2.860e+00  0.000e+00  2.860e+00  0.000e+00  0.000e+00  0.000e+00  2.148e+00  7.117e-01  0.000e+00  0.000e+00  9.769e+02  1.069e+02
 0.9860  1.15942e+01  9.727e+00  1.867e+00  0.000e+00  1.867e+00  0.000e+00  0.000e+00  0.000e+00  1.556e+00  3.114e-01  0.000e+00  0.000e+00  1.088e+03  1.075e+02
 0.9880  1.15941e+01  1.053e+01  1.067e+00  0.000e+00  1.067e+00  0.000e+00  0.000e+00  0.000e+00  8.983e-01  1.682e-01  0.000e+00  0.000e+00  1.177e+03 -7.503e+00
 0.9900  1.15950e+01  9.166e+00  2.429e+00  0.000e+00  2.429e+00  0.000e+00  0.000e+00  0.000e+00  9.471e-01  1.482e+00  0.000e+00  0.000e+00  1.025e+03 -4.421e+01
 0.9920  1.15941e+01  9.428e+00  2.166e+00  0.000e+00  2.166e+00  0.000e+00  0.000e+00  0.000e+00  1.017e+00  1.150e+00  0.000e+00  0.000e+00  1.054e+03  5.940e+01
 0.9940  1.15947e+01  9.081e+00  2.513e+00  0.000e+00  2.513e+00  0.000e+00  0.000e+00  0.000e+00  2.413e+00  1.002e-01  0.000e+00  0.000e+00  1.016e+03  1.310e+02
 0.9960  1.15938e+01  1.014e+01  1.455e+00  0.000e+00  1.455e+00  0.000e+00  0.000e+00  0.000e+00  1.283e+00  1.728e-01  0.000e+00  0.000e+00  1.134e+03  5.021e+01
 0.9980  1.15951e+01  9.587e+00  2.008e+00  0.000e+00  2.008e+00  0.000e+00  0.000e+00  0.000e+00  1.453e+00  5.546e-01  0.000e+00  0.000e+00  1.072e+03 -5.152e+01
 1.0000  1.15941e+01  1.049e+01  1.101e+00  0.000e+00  1.101e+00  0.000e+00  0.000e+00  0.000e+00  7.818e-01  3.193e-01  0.000e+00  0.000e+00  1.173e+03 -1.104e+01
