#
# INPUTFILE C:\Users\mario\Documents\Code\Python\main_env\Dalton\input\md\h2o_5.md
#
# -- INPUT DATA --
#
# MOLFILE C:\Users\mario\Documents\Code\Python\main_env\Dalton\geom\xyzq\h2o_5.xyzq
# ENERGYOUT C:\Users\mario\Documents\Code\Python\main_env\Dalton\output\md\h2o_5.dat
# GEOMOUT C:\Users\mario\Documents\Code\Python\main_env\Dalton\output\md\h2o_5.xyz
# RANDOMSEED 2946218840
# TEMPERATURE 298.150000 K
# BOUNDARY 10.000000 A
# BOUNDARYSPRING 250.000000 kcal/(mol*A^2)
# BOUNDARYTYPE sphere
# STATUSTIME 5.000000 s
# ENERGYTIME 0.005000 ps
# GEOMTIME 0.010000 ps
# TOTALTIME 3.000000 ps
# TIMESTEP 0.000100 ps
# EQTIME 1.000000 ps
# EQRATE 0.200000 ps
#
# -- ENERGY DATA --
#
# energy terms [kcal/mol]
#  time      e_total      e_kin      e_pot  e_nonbond   e_bonded e_boundary      e_vdw     e_elst     e_bond    e_angle     e_tors      e_oop       temp      press
 0.0000  1.43628e+01  1.333e+01  1.032e+00 -6.939e+00  7.970e+00  0.000e+00  1.284e+01 -1.978e+01  3.999e+00  3.972e+00  0.000e+00  0.000e+00  5.231e+01  0.000e+00
 0.0050  9.27346e+01  4.783e+01  4.490e+01  3.918e+01  5.720e+00  0.000e+00  1.504e+01  2.414e+01  3.291e+00  2.429e+00  0.000e+00  0.000e+00  1.070e+03 -4.983e+02
 0.0100  8.61924e+01  3.068e+01  5.551e+01  3.875e+01  1.675e+01  0.000e+00  1.786e+01  2.089e+01  1.112e+01  5.632e+00  0.000e+00  0.000e+00  6.863e+02  1.047e+03
 0.0150  1.63844e+02  2.686e+01  1.370e+02  1.201e+02  1.687e+01  0.000e+00  2.023e+01  9.988e+01  1.110e+01  5.767e+00  0.000e+00  0.000e+00  6.008e+02 -1.232e+03
 0.0200  8.29474e+01  3.181e+01  5.114e+01  3.713e+01  1.400e+01  0.000e+00  2.044e+01  1.669e+01  1.367e+01  3.365e-01  0.000e+00  0.000e+00  7.115e+02  5.684e+02
 0.0250  1.16090e+02  3.371e+01  8.238e+01  6.716e+01  1.522e+01  0.000e+00  1.858e+01  4.858e+01  1.071e+01  4.511e+00  0.000e+00  0.000e+00  7.540e+02 -2.677e+02
 0.0300  1.18332e+02  3.459e+01  8.374e+01  6.589e+01  1.785e+01  0.000e+00  1.570e+01  5.019e+01  9.677e+00  8.174e+00  0.000e+00  0.000e+00  7.736e+02  5.032e+02
 0.0350  1.47905e+02  4.137e+01  1.065e+02  1.009e+02  5.643e+00  0.000e+00  1.269e+01  8.820e+01  5.325e+00  3.179e-01  0.000e+00  0.000e+00  9.253e+02  4.350e+02
 0.0400  1.46625e+02  4.272e+01  1.039e+02  9.980e+01  4.102e+00  0.000e+00  9.936e+00  8.986e+01  2.676e+00  1.426e+00  0.000e+00  0.000e+00  9.555e+02  1.952e+02
 0.0450  1.47903e+02  3.666e+01  1.112e+02  9.452e+01  1.672e+01  0.000e+00  7.847e+00  8.667e+01  3.527e+00  1.319e+01  0.000e+00  0.000e+00  8.200e+02  1.262e+03
 0.0500  2.10351e+02  3.832e+01  1.720e+02  1.657e+02  6.324e+00  0.000e+00  6.343e+00  1.594e+02  4.550e+00  1.773e+00  0.000e+00  0.000e+00  8.570e+02 -6.150e+00
 0.0550  2.04743e+02  3.409e+01  1.707e+02  1.608e+02  9.900e+00  0.000e+00  5.226e+00  1.555e+02  8.932e+00  9.685e-01  0.000e+00  0.000e+00  7.624e+02  1.455e+03
 0.0600  1.96694e+02  2.489e+01  1.718e+02  1.551e+02  1.672e+01  0.000e+00  4.086e+00  1.510e+02  9.195e+00  7.524e+00  0.000e+00  0.000e+00  5.568e+02 -3.029e+02
 0.0650  1.88589e+02  2.355e+01  1.650e+02  1.495e+02  1.554e+01  0.000e+00  3.223e+00  1.463e+02  1.201e+01  3.535e+00  0.000e+00  0.000e+00  5.267e+02  1.497e+03
 0.0700  1.83692e+02  2.952e+01  1.542e+02  1.444e+02  9.818e+00  0.000e+00  2.494e+00  1.419e+02  8.259e+00  1.559e+00  0.000e+00  0.000e+00  6.602e+02  3.530e+01
 0.0750  1.79992e+02  2.882e+01  1.512e+02  1.392e+02  1.198e+01  0.000e+00  1.864e+00  1.373e+02  6.943e+00  5.033e+00  0.000e+00  0.000e+00  6.445e+02  1.072e+03
 0.0800  1.70745e+02  2.716e+01  1.436e+02  1.347e+02  8.917e+00  0.000e+00  1.491e+00  1.332e+02  3.541e+00  5.376e+00  0.000e+00  0.000e+00  6.074e+02  7.297e+02
 0.0850  1.69062e+02  3.113e+01  1.379e+02  1.305e+02  7.471e+00  0.000e+00  1.150e+00  1.293e+02  3.177e+00  4.295e+00  0.000e+00  0.000e+00  6.962e+02  5.197e+02
 0.0900  1.64563e+02  3.116e+01  1.334e+02  1.270e+02  6.428e+00  0.000e+00  9.286e-01  1.260e+02  4.324e+00  2.104e+00  0.000e+00  0.000e+00  6.969e+02  1.169e+03
 0.0950  1.58245e+02  2.500e+01  1.332e+02  1.240e+02  9.234e+00  0.000e+00  7.991e-01  1.232e+02  4.596e+00  4.638e+00  0.000e+00  0.000e+00  5.591e+02  2.119e+02
 0.1000  1.58944e+02  2.368e+01  1.353e+02  1.213e+02  1.392e+01  0.000e+00  6.923e-01  1.207e+02  7.717e+00  6.205e+00  0.000e+00  0.000e+00  5.296e+02  1.508e+03
 0.1050  1.33388e+02  2.561e+01  1.078e+02  1.002e+02  7.581e+00  0.000e+00  6.305e-01  9.957e+01  7.082e+00  4.990e-01  0.000e+00  0.000e+00  5.727e+02 -1.294e+02
 0.1100  1.31371e+02  1.951e+01  1.119e+02  9.925e+01  1.261e+01  0.000e+00  6.056e-01  9.865e+01  9.316e+00  3.294e+00  0.000e+00  0.000e+00  4.363e+02  1.560e+03
 0.1150  1.30473e+02  1.841e+01  1.121e+02  9.857e+01  1.349e+01  0.000e+00  5.748e-01  9.799e+01  5.916e+00  7.577e+00  0.000e+00  0.000e+00  4.119e+02 -1.038e+02
 0.1200  1.28615e+02  2.403e+01  1.046e+02  9.780e+01  6.781e+00  0.000e+00  5.488e-01  9.725e+01  6.298e+00  4.831e-01  0.000e+00  0.000e+00  5.375e+02  1.173e+03
 0.1250  1.08778e+02  2.402e+01  8.476e+01  7.835e+01  6.413e+00  0.000e+00  5.487e-01  7.780e+01  4.299e+00  2.114e+00  0.000e+00  0.000e+00  5.371e+02  4.321e+02
 0.1300  1.10948e+02  2.061e+01  9.034e+01  7.837e+01  1.196e+01  0.000e+00  5.363e-01  7.784e+01  4.227e+00  7.736e+00  0.000e+00  0.000e+00  4.610e+02  6.333e+02
 0.1350  1.09542e+02  2.463e+01  8.491e+01  7.851e+01  6.403e+00  0.000e+00  5.451e-01  7.797e+01  4.739e+00  1.663e+00  0.000e+00  0.000e+00  5.508e+02  1.035e+03
 0.1400  1.09726e+02  2.516e+01  8.457e+01  7.907e+01  5.500e+00  0.000e+00  5.780e-01  7.849e+01  4.612e+00  8.879e-01  0.000e+00  0.000e+00  5.626e+02  1.704e+02
 0.1450  1.12320e+02  1.845e+01  9.387e+01  7.992e+01  1.394e+01  0.000e+00  6.271e-01  7.930e+01  6.716e+00  7.227e+00  0.000e+00  0.000e+00  4.128e+02  1.333e+03
 0.1500  1.09275e+02  1.843e+01  9.084e+01  8.122e+01  9.623e+00  0.000e+00  7.240e-01  8.050e+01  5.708e+00  3.915e+00  0.000e+00  0.000e+00  4.122e+02 -1.272e+02
 0.1550  1.13278e+02  2.237e+01  9.090e+01  8.299e+01  7.912e+00  0.000e+00  8.665e-01  8.213e+01  6.964e+00  9.482e-01  0.000e+00  0.000e+00  5.004e+02  1.428e+03
 0.1600  1.15564e+02  1.952e+01  9.604e+01  8.515e+01  1.089e+01  0.000e+00  1.067e+00  8.409e+01  5.722e+00  5.169e+00  0.000e+00  0.000e+00  4.366e+02 -2.280e+02
 0.1650  1.17271e+02  1.847e+01  9.880e+01  8.769e+01  1.112e+01  0.000e+00  1.346e+00  8.634e+01  6.887e+00  4.228e+00  0.000e+00  0.000e+00  4.130e+02  1.386e+03
 0.1700  1.22756e+02  2.435e+01  9.840e+01  9.093e+01  7.476e+00  0.000e+00  1.776e+00  8.915e+01  5.442e+00  2.034e+00  0.000e+00  0.000e+00  5.447e+02  1.267e+02
 0.1750  1.26405e+02  2.403e+01  1.024e+02  9.441e+01  7.964e+00  0.000e+00  2.344e+00  9.206e+01  5.312e+00  2.652e+00  0.000e+00  0.000e+00  5.375e+02  7.929e+02
 0.1800  1.28852e+02  1.976e+01  1.091e+02  9.844e+01  1.065e+01  0.000e+00  3.125e+00  9.532e+01  5.652e+00  5.000e+00  0.000e+00  0.000e+00  4.419e+02  7.198e+02
 0.1850  1.34121e+02  2.249e+01  1.116e+02  1.030e+02  8.642e+00  0.000e+00  4.242e+00  9.875e+01  4.715e+00  3.927e+00  0.000e+00  0.000e+00  5.029e+02  9.162e+01
 0.1900  9.86325e+01  2.513e+01  7.350e+01  6.641e+01  7.089e+00  0.000e+00  5.539e+00  6.087e+01  6.057e+00  1.032e+00  0.000e+00  0.000e+00  5.621e+02  1.004e+03
 0.1950  1.01284e+02  2.082e+01  8.047e+01  7.253e+01  7.935e+00  0.000e+00  7.222e+00  6.531e+01  3.931e+00  4.004e+00  0.000e+00  0.000e+00  4.656e+02 -3.382e+02
 0.2000  1.04468e+02  1.917e+01  8.530e+01  7.100e+01  1.430e+01  0.000e+00  8.951e+00  6.205e+01  7.476e+00  6.823e+00  0.000e+00  0.000e+00  4.286e+02  1.105e+03
 0.2050  6.46537e+01  2.156e+01  4.309e+01  3.783e+01  5.260e+00  0.000e+00  1.087e+01  2.696e+01  4.721e+00  5.390e-01  0.000e+00  0.000e+00  4.822e+02 -7.996e+02
 0.2100  2.68661e+01  1.700e+01  9.870e+00 -1.033e+00  1.090e+01  0.000e+00  1.220e+01 -1.323e+01  8.246e+00  2.657e+00  0.000e+00  0.000e+00  3.801e+02  8.556e+02
 0.2150  2.97923e+01  1.399e+01  1.580e+01  2.639e+00  1.316e+01  0.000e+00  1.376e+01 -1.112e+01  5.771e+00  7.390e+00  0.000e+00  0.000e+00  3.129e+02 -8.312e+02
 0.2200  2.84528e+01  1.895e+01  9.505e+00  1.173e+00  8.332e+00  0.000e+00  1.461e+01 -1.344e+01  7.289e+00  1.043e+00  0.000e+00  0.000e+00  4.238e+02  3.850e+02
 0.2250  3.04033e+01  2.014e+01  1.027e+01  3.427e+00  6.840e+00  0.000e+00  1.550e+01 -1.208e+01  5.392e+00  1.447e+00  0.000e+00  0.000e+00  4.504e+02 -3.434e+02
 0.2300  3.23748e+01  1.517e+01  1.720e+01  6.169e+00  1.103e+01  0.000e+00  1.523e+01 -9.060e+00  4.742e+00  6.289e+00  0.000e+00  0.000e+00  3.394e+02 -3.730e+02
 0.2350  2.85523e+01  1.812e+01  1.043e+01  2.238e+00  8.190e+00  0.000e+00  1.355e+01 -1.131e+01  5.204e+00  2.987e+00  0.000e+00  0.000e+00  4.053e+02  3.395e+02
 0.2400  2.84972e+01  2.336e+01  5.136e+00  1.060e+00  4.076e+00  0.000e+00  1.129e+01 -1.023e+01  3.489e+00  5.871e-01  0.000e+00  0.000e+00  5.225e+02 -5.382e+02
 0.2450  2.76477e+01  2.039e+01  7.260e+00 -3.875e+00  1.113e+01  0.000e+00  8.808e+00 -1.268e+01  6.135e+00  5.000e+00  0.000e+00  0.000e+00  4.560e+02  1.014e+03
 0.2500  6.21615e+01  1.768e+01  4.448e+01  3.546e+01  9.022e+00  0.000e+00  6.859e+00  2.860e+01  4.424e+00  4.597e+00  0.000e+00  0.000e+00  3.954e+02 -4.261e+02
 0.2550  9.82633e+01  1.980e+01  7.846e+01  6.882e+01  9.639e+00  0.000e+00  5.283e+00  6.354e+01  7.864e+00  1.775e+00  0.000e+00  0.000e+00  4.429e+02  1.251e+03
 0.2600  1.29273e+02  1.682e+01  1.125e+02  1.028e+02  9.640e+00  0.000e+00  4.097e+00  9.872e+01  6.378e+00  3.262e+00  0.000e+00  0.000e+00  3.762e+02 -4.633e+02
 0.2650  1.23564e+02  1.290e+01  1.107e+02  9.891e+01  1.175e+01  0.000e+00  3.276e+00  9.564e+01  7.953e+00  3.797e+00  0.000e+00  0.000e+00  2.886e+02  1.217e+03
 0.2700  1.21194e+02  1.730e+01  1.039e+02  9.545e+01  8.442e+00  0.000e+00  2.643e+00  9.281e+01  4.623e+00  3.819e+00  0.000e+00  0.000e+00  3.869e+02 -1.099e+02
 0.2750  1.17554e+02  2.006e+01  9.749e+01  9.259e+01  4.905e+00  0.000e+00  2.205e+00  9.038e+01  3.757e+00  1.148e+00  0.000e+00  0.000e+00  4.487e+02  7.065e+02
 0.2800  1.12673e+02  1.605e+01  9.662e+01  9.020e+01  6.426e+00  0.000e+00  1.899e+00  8.830e+01  2.643e+00  3.782e+00  0.000e+00  0.000e+00  3.589e+02  5.358e+02
 0.2850  1.12107e+02  1.649e+01  9.561e+01  8.825e+01  7.366e+00  0.000e+00  1.684e+00  8.656e+01  2.034e+00  5.332e+00  0.000e+00  0.000e+00  3.689e+02  1.249e+02
 0.2900  1.09713e+02  1.899e+01  9.072e+01  8.646e+01  4.253e+00  0.000e+00  1.495e+00  8.497e+01  4.086e+00  1.669e-01  0.000e+00  0.000e+00  4.248e+02  1.003e+03
 0.2950  1.06453e+02  1.373e+01  9.273e+01  8.534e+01  7.388e+00  0.000e+00  1.430e+00  8.391e+01  4.305e+00  3.083e+00  0.000e+00  0.000e+00  3.070e+02 -2.052e+02
 0.3000  1.09316e+02  1.040e+01  9.891e+01  8.419e+01  1.472e+01  0.000e+00  1.330e+00  8.286e+01  8.309e+00  6.413e+00  0.000e+00  0.000e+00  2.327e+02  1.328e+03
 0.3050  1.05461e+02  1.432e+01  9.115e+01  8.354e+01  7.609e+00  0.000e+00  1.318e+00  8.222e+01  6.913e+00  6.961e-01  0.000e+00  0.000e+00  3.202e+02 -3.380e+02
 0.3100  1.06942e+02  1.439e+01  9.255e+01  8.304e+01  9.518e+00  0.000e+00  1.295e+00  8.174e+01  8.149e+00  1.368e+00  0.000e+00  0.000e+00  3.218e+02  1.398e+03
 0.3150  1.06334e+02  1.192e+01  9.441e+01  8.299e+01  1.142e+01  0.000e+00  1.343e+00  8.165e+01  4.740e+00  6.678e+00  0.000e+00  0.000e+00  2.667e+02 -2.111e+02
 0.3200  1.05301e+02  1.662e+01  8.868e+01  8.310e+01  5.582e+00  0.000e+00  1.405e+00  8.170e+01  3.531e+00  2.051e+00  0.000e+00  0.000e+00  3.716e+02  1.049e+03
 0.3250  1.05922e+02  1.953e+01  8.639e+01  8.354e+01  2.848e+00  0.000e+00  1.508e+00  8.203e+01  2.229e+00  6.189e-01  0.000e+00  0.000e+00  4.368e+02  2.422e+02
 0.3300  1.06024e+02  1.498e+01  9.104e+01  8.456e+01  6.477e+00  0.000e+00  1.730e+00  8.283e+01  1.548e+00  4.929e+00  0.000e+00  0.000e+00  3.351e+02  3.535e+02
 0.3350  1.07259e+02  1.413e+01  9.312e+01  8.521e+01  7.915e+00  0.000e+00  1.881e+00  8.333e+01  4.297e+00  3.618e+00  0.000e+00  0.000e+00  3.161e+02  8.520e+02
 0.3400  1.08076e+02  1.625e+01  9.183e+01  8.685e+01  4.979e+00  0.000e+00  2.249e+00  8.460e+01  4.355e+00  6.241e-01  0.000e+00  0.000e+00  3.634e+02 -1.495e+02
 0.3450  7.32398e+01  1.215e+01  6.109e+01  5.014e+01  1.095e+01  0.000e+00  2.578e+00  4.756e+01  7.915e+00  3.033e+00  0.000e+00  0.000e+00  2.718e+02  1.127e+03
 0.3500  7.25761e+01  9.235e+00  6.334e+01  5.124e+01  1.210e+01  0.000e+00  3.013e+00  4.823e+01  6.387e+00  5.716e+00  0.000e+00  0.000e+00  2.065e+02 -3.330e+02
 0.3550  7.54342e+01  1.412e+01  6.131e+01  5.188e+01  9.433e+00  0.000e+00  3.535e+00  4.835e+01  7.593e+00  1.841e+00  0.000e+00  0.000e+00  3.158e+02  1.262e+03
 0.3600  7.50162e+01  1.636e+01  5.866e+01  5.254e+01  6.119e+00  0.000e+00  4.004e+00  4.854e+01  5.024e+00  1.095e+00  0.000e+00  0.000e+00  3.658e+02 -5.100e+02
 0.3650  7.75741e+01  1.420e+01  6.338e+01  5.494e+01  8.439e+00  0.000e+00  4.492e+00  5.045e+01  4.236e+00  4.204e+00  0.000e+00  0.000e+00  3.175e+02  1.193e+03
 0.3700  7.86720e+01  1.753e+01  6.115e+01  5.505e+01  6.095e+00  0.000e+00  4.868e+00  5.018e+01  2.368e+00  3.726e+00  0.000e+00  0.000e+00  3.920e+02 -2.375e+02
 0.3750  8.04632e+01  2.035e+01  6.011e+01  5.785e+01  2.258e+00  0.000e+00  5.256e+00  5.260e+01  1.914e+00  3.444e-01  0.000e+00  0.000e+00  4.552e+02  5.573e+02
 0.3800  8.16824e+01  1.545e+01  6.623e+01  5.920e+01  7.031e+00  0.000e+00  5.506e+00  5.370e+01  4.002e+00  3.029e+00  0.000e+00  0.000e+00  3.455e+02  3.980e+02
 0.3850  4.70805e+01  1.281e+01  3.427e+01  2.321e+01  1.106e+01  0.000e+00  5.863e+00  1.735e+01  4.385e+00  6.676e+00  0.000e+00  0.000e+00  2.865e+02 -1.114e+02
 0.3900  4.76398e+01  1.612e+01  3.152e+01  2.394e+01  7.582e+00  0.000e+00  6.322e+00  1.762e+01  7.435e+00  1.475e-01  0.000e+00  0.000e+00  3.605e+02  9.091e+02
 0.3950  4.90682e+01  1.508e+01  3.399e+01  2.646e+01  7.526e+00  0.000e+00  6.865e+00  1.960e+01  5.961e+00  1.565e+00  0.000e+00  0.000e+00  3.373e+02 -5.491e+02
 0.4000  5.22609e+01  1.230e+01  3.997e+01  2.438e+01  1.558e+01  0.000e+00  7.160e+00  1.722e+01  8.171e+00  7.412e+00  0.000e+00  0.000e+00  2.750e+02  1.264e+03
 0.4050  8.92909e+01  1.859e+01  7.070e+01  6.496e+01  5.747e+00  0.000e+00  7.377e+00  5.758e+01  4.398e+00  1.348e+00  0.000e+00  0.000e+00  4.157e+02 -6.431e+02
 0.4100  9.08747e+01  2.138e+01  6.949e+01  6.403e+01  5.461e+00  0.000e+00  7.321e+00  5.671e+01  5.157e+00  3.033e-01  0.000e+00  0.000e+00  4.783e+02  1.292e+03
 0.4150  1.13102e+02  1.773e+01  9.537e+01  8.710e+01  8.273e+00  0.000e+00  6.640e+00  8.045e+01  2.660e+00  5.613e+00  0.000e+00  0.000e+00  3.966e+02 -5.011e+02
 0.4200  1.11930e+02  1.894e+01  9.299e+01  8.654e+01  6.454e+00  0.000e+00  6.102e+00  8.044e+01  3.552e+00  2.902e+00  0.000e+00  0.000e+00  4.235e+02  1.002e+03
 0.4250  1.15950e+02  2.221e+01  9.374e+01  8.950e+01  4.235e+00  0.000e+00  5.421e+00  8.408e+01  3.714e+00  5.211e-01  0.000e+00  0.000e+00  4.968e+02  1.487e+02
 0.4300  1.18252e+02  1.880e+01  9.945e+01  9.158e+01  7.873e+00  0.000e+00  5.030e+00  8.655e+01  4.348e+00  3.525e+00  0.000e+00  0.000e+00  4.205e+02  3.218e+02
 0.4350  1.56794e+02  1.506e+01  1.417e+02  1.308e+02  1.098e+01  0.000e+00  5.156e+00  1.256e+02  7.075e+00  3.902e+00  0.000e+00  0.000e+00  3.367e+02  9.495e+02
 0.4400  1.19232e+02  1.830e+01  1.009e+02  9.298e+01  7.955e+00  0.000e+00  5.637e+00  8.734e+01  5.739e+00  2.216e+00  0.000e+00  0.000e+00  4.093e+02 -3.178e+02
 0.4450  1.21600e+02  1.867e+01  1.029e+02  9.390e+01  9.025e+00  0.000e+00  6.749e+00  8.716e+01  7.095e+00  1.930e+00  0.000e+00  0.000e+00  4.176e+02  1.242e+03
 0.4500  1.21457e+02  1.572e+01  1.057e+02  9.747e+01  8.268e+00  0.000e+00  8.000e+00  8.947e+01  4.112e+00  4.155e+00  0.000e+00  0.000e+00  3.516e+02 -6.812e+02
 0.4550  1.28897e+02  1.882e+01  1.101e+02  9.972e+01  1.035e+01  0.000e+00  9.546e+00  9.017e+01  5.261e+00  5.092e+00  0.000e+00  0.000e+00  4.210e+02  1.250e+03
 0.4600  1.30385e+02  2.328e+01  1.071e+02  1.034e+02  3.758e+00  0.000e+00  1.037e+01  9.298e+01  3.200e+00  5.575e-01  0.000e+00  0.000e+00  5.206e+02 -7.759e+02
 0.4650  9.45801e+01  2.001e+01  7.457e+01  6.751e+01  7.056e+00  0.000e+00  1.118e+01  5.634e+01  4.732e+00  2.323e+00  0.000e+00  0.000e+00  4.476e+02  1.000e+03
 0.4700  5.61968e+01  1.788e+01  3.832e+01  2.774e+01  1.058e+01  0.000e+00  1.229e+01  1.545e+01  4.576e+00  6.005e+00  0.000e+00  0.000e+00  3.999e+02 -4.477e+02
 0.4750  5.52035e+01  2.023e+01  3.497e+01  2.998e+01  4.994e+00  0.000e+00  1.393e+01  1.604e+01  4.687e+00  3.066e-01  0.000e+00  0.000e+00  4.525e+02  1.418e+02
 0.4800  5.25815e+01  1.725e+01  3.534e+01  2.783e+01  7.511e+00  0.000e+00  1.491e+01  1.291e+01  6.238e+00  1.273e+00  0.000e+00  0.000e+00  3.857e+02  1.141e+02
 0.4850  9.12858e+01  1.297e+01  7.832e+01  6.670e+01  1.162e+01  0.000e+00  1.535e+01  5.135e+01  5.313e+00  6.309e+00  0.000e+00  0.000e+00  2.900e+02 -7.112e+02
 0.4900  8.56518e+01  1.623e+01  6.942e+01  6.151e+01  7.905e+00  0.000e+00  1.327e+01  4.825e+01  6.778e+00  1.127e+00  0.000e+00  0.000e+00  3.631e+02  8.197e+02
 0.4950  8.53543e+01  1.838e+01  6.698e+01  6.164e+01  5.341e+00  0.000e+00  1.083e+01  5.080e+01  4.841e+00  5.001e-01  0.000e+00  0.000e+00  4.110e+02 -9.077e+02
 0.5000  8.52617e+01  1.491e+01  7.035e+01  5.897e+01  1.139e+01  0.000e+00  8.611e+00  5.035e+01  5.595e+00  5.791e+00  0.000e+00  0.000e+00  3.335e+02  1.269e+03
 0.5050  1.19786e+02  1.591e+01  1.039e+02  9.715e+01  6.726e+00  0.000e+00  6.746e+00  9.041e+01  3.376e+00  3.349e+00  0.000e+00  0.000e+00  3.558e+02 -7.212e+02
 0.5100  1.19293e+02  1.988e+01  9.941e+01  9.379e+01  5.624e+00  0.000e+00  5.459e+00  8.833e+01  4.750e+00  8.738e-01  0.000e+00  0.000e+00  4.446e+02  1.301e+03
 0.5150  1.53652e+02  1.727e+01  1.364e+02  1.296e+02  6.764e+00  0.000e+00  4.550e+00  1.251e+02  3.239e+00  3.525e+00  0.000e+00  0.000e+00  3.861e+02 -3.682e+02
 0.5200  1.12829e+02  1.480e+01  9.803e+01  8.879e+01  9.238e+00  0.000e+00  3.927e+00  8.486e+01  5.403e+00  3.834e+00  0.000e+00  0.000e+00  3.310e+02  9.797e+02
 0.5250  1.48476e+02  1.826e+01  1.302e+02  1.250e+02  5.209e+00  0.000e+00  3.726e+00  1.213e+02  3.569e+00  1.640e+00  0.000e+00  0.000e+00  4.083e+02  3.023e+02
 0.5300  1.10464e+02  1.789e+01  9.257e+01  8.564e+01  6.939e+00  0.000e+00  3.714e+00  8.192e+01  5.378e+00  1.561e+00  0.000e+00  0.000e+00  4.001e+02  2.136e+02
 0.5350  1.05778e+02  1.372e+01  9.206e+01  8.357e+01  8.484e+00  0.000e+00  4.257e+00  7.932e+01  4.831e+00  3.653e+00  0.000e+00  0.000e+00  3.069e+02  1.056e+03
 0.5400  1.04774e+02  1.557e+01  8.920e+01  8.033e+01  8.866e+00  0.000e+00  4.714e+00  7.562e+01  5.219e+00  3.648e+00  0.000e+00  0.000e+00  3.483e+02 -3.709e+02
 0.5450  1.02289e+02  1.765e+01  8.463e+01  7.926e+01  5.375e+00  0.000e+00  5.679e+00  7.358e+01  4.963e+00  4.117e-01  0.000e+00  0.000e+00  3.948e+02  1.263e+03
 0.5500  1.18535e+02  1.372e+01  1.048e+02  9.789e+01  6.927e+00  0.000e+00  6.522e+00  9.137e+01  3.811e+00  3.116e+00  0.000e+00  0.000e+00  3.068e+02 -6.023e+02
 0.5550  1.19697e+02  1.244e+01  1.073e+02  9.641e+01  1.085e+01  0.000e+00  6.625e+00  8.978e+01  5.161e+00  5.686e+00  0.000e+00  0.000e+00  2.782e+02  1.152e+03
 0.5600  1.17411e+02  1.657e+01  1.008e+02  9.769e+01  3.153e+00  0.000e+00  6.627e+00  9.106e+01  2.904e+00  2.492e-01  0.000e+00  0.000e+00  3.706e+02 -4.994e+02
 0.5650  1.17269e+02  1.523e+01  1.020e+02  9.544e+01  6.603e+00  0.000e+00  5.845e+00  8.959e+01  5.454e+00  1.149e+00  0.000e+00  0.000e+00  3.405e+02  8.962e+02
 0.5700  9.99883e+01  1.248e+01  8.751e+01  7.863e+01  8.882e+00  0.000e+00  4.826e+00  7.380e+01  2.973e+00  5.908e+00  0.000e+00  0.000e+00  2.791e+02  4.411e+01
 0.5750  9.97214e+01  1.602e+01  8.371e+01  7.680e+01  6.910e+00  0.000e+00  3.909e+00  7.289e+01  5.642e+00  1.268e+00  0.000e+00  0.000e+00  3.582e+02  5.051e+02
 0.5800  1.02231e+02  1.757e+01  8.466e+01  8.066e+01  3.999e+00  0.000e+00  3.249e+00  7.742e+01  3.674e+00  3.250e-01  0.000e+00  0.000e+00  3.929e+02  7.612e+02
 0.5850  1.42521e+02  1.396e+01  1.286e+02  1.181e+02  1.041e+01  0.000e+00  2.645e+00  1.155e+02  5.258e+00  5.152e+00  0.000e+00  0.000e+00  3.123e+02  3.182e+01
 0.5900  1.40442e+02  1.427e+01  1.262e+02  1.190e+02  7.180e+00  0.000e+00  2.476e+00  1.165e+02  4.888e+00  2.292e+00  0.000e+00  0.000e+00  3.192e+02  1.236e+03
 0.5950  1.41901e+02  1.743e+01  1.245e+02  1.200e+02  4.507e+00  0.000e+00  2.387e+00  1.176e+02  4.010e+00  4.969e-01  0.000e+00  0.000e+00  3.898e+02 -2.256e+02
 0.6000  1.44988e+02  1.485e+01  1.301e+02  1.218e+02  8.338e+00  0.000e+00  2.550e+00  1.193e+02  4.673e+00  3.665e+00  0.000e+00  0.000e+00  3.321e+02  1.211e+03
 0.6050  1.44124e+02  1.319e+01  1.309e+02  1.245e+02  6.478e+00  0.000e+00  2.967e+00  1.215e+02  2.388e+00  4.089e+00  0.000e+00  0.000e+00  2.950e+02 -1.454e+02
 0.6100  1.51165e+02  1.676e+01  1.344e+02  1.274e+02  7.004e+00  0.000e+00  3.604e+00  1.238e+02  5.371e+00  1.633e+00  0.000e+00  0.000e+00  3.749e+02  9.960e+02
 0.6150  1.53042e+02  1.675e+01  1.363e+02  1.319e+02  4.359e+00  0.000e+00  4.747e+00  1.272e+02  2.631e+00  1.728e+00  0.000e+00  0.000e+00  3.747e+02 -5.133e+01
 0.6200  8.20269e+01  1.359e+01  6.843e+01  5.793e+01  1.051e+01  0.000e+00  5.912e+00  5.202e+01  6.565e+00  3.942e+00  0.000e+00  0.000e+00  3.040e+02  6.990e+02
 0.6250  8.49885e+01  1.575e+01  6.924e+01  6.294e+01  6.299e+00  0.000e+00  7.992e+00  5.495e+01  3.385e+00  2.914e+00  0.000e+00  0.000e+00  3.522e+02  1.909e+02
 0.6300  8.55399e+01  1.695e+01  6.859e+01  6.141e+01  7.175e+00  0.000e+00  9.740e+00  5.167e+01  6.573e+00  6.027e-01  0.000e+00  0.000e+00  3.792e+02  2.786e+01
 0.6350  8.54619e+01  1.225e+01  7.321e+01  6.579e+01  7.415e+00  0.000e+00  1.172e+01  5.407e+01  4.596e+00  2.819e+00  0.000e+00  0.000e+00  2.741e+02  3.448e+02
 0.6400  8.65893e+01  1.182e+01  7.477e+01  6.596e+01  8.815e+00  0.000e+00  1.310e+01  5.286e+01  4.444e+00  4.372e+00  0.000e+00  0.000e+00  2.643e+02 -5.078e+02
 0.6450  8.67764e+01  1.607e+01  7.071e+01  6.588e+01  4.827e+00  0.000e+00  1.349e+01  5.239e+01  4.253e+00  5.736e-01  0.000e+00  0.000e+00  3.593e+02  3.180e+02
 0.6500  4.88560e+01  1.579e+01  3.307e+01  2.838e+01  4.687e+00  0.000e+00  1.307e+01  1.531e+01  2.595e+00  2.092e+00  0.000e+00  0.000e+00  3.531e+02 -3.888e+02
 0.6550  5.06666e+01  1.409e+01  3.658e+01  2.547e+01  1.111e+01  0.000e+00  1.240e+01  1.308e+01  5.618e+00  5.490e+00  0.000e+00  0.000e+00  3.150e+02  4.014e+02
 0.6600  5.23552e+01  1.584e+01  3.652e+01  3.261e+01  3.909e+00  0.000e+00  1.136e+01  2.125e+01  2.523e+00  1.386e+00  0.000e+00  0.000e+00  3.542e+02 -2.950e+02
 0.6650  9.02259e+01  1.459e+01  7.564e+01  6.797e+01  7.669e+00  0.000e+00  1.013e+01  5.783e+01  6.674e+00  9.952e-01  0.000e+00  0.000e+00  3.263e+02  3.617e+02
 0.6700  1.27868e+02  1.040e+01  1.175e+02  1.083e+02  9.195e+00  0.000e+00  9.444e+00  9.883e+01  3.527e+00  5.668e+00  0.000e+00  0.000e+00  2.327e+02 -2.115e+02
 0.6750  1.25019e+02  1.201e+01  1.130e+02  1.033e+02  9.681e+00  0.000e+00  7.835e+00  9.549e+01  7.125e+00  2.557e+00  0.000e+00  0.000e+00  2.687e+02  3.941e+02
 0.6800  1.21967e+02  1.541e+01  1.066e+02  1.023e+02  4.214e+00  0.000e+00  6.960e+00  9.538e+01  3.594e+00  6.198e-01  0.000e+00  0.000e+00  3.447e+02  1.121e+02
 0.6850  8.32715e+01  1.307e+01  7.020e+01  6.005e+01  1.015e+01  0.000e+00  5.957e+00  5.409e+01  5.417e+00  4.734e+00  0.000e+00  0.000e+00  2.924e+02  3.259e+02
 0.6900  1.54287e+02  1.267e+01  1.416e+02  1.356e+02  6.061e+00  0.000e+00  5.391e+00  1.302e+02  3.386e+00  2.675e+00  0.000e+00  0.000e+00  2.834e+02  3.588e+02
 0.6950  1.55237e+02  1.623e+01  1.390e+02  1.343e+02  4.708e+00  0.000e+00  5.062e+00  1.292e+02  3.280e+00  1.427e+00  0.000e+00  0.000e+00  3.629e+02  2.602e+02
 0.7000  1.55704e+02  1.502e+01  1.407e+02  1.336e+02  7.064e+00  0.000e+00  4.968e+00  1.287e+02  3.900e+00  3.164e+00  0.000e+00  0.000e+00  3.359e+02  4.016e+02
 0.7050  1.52028e+02  1.180e+01  1.402e+02  1.340e+02  6.258e+00  0.000e+00  5.301e+00  1.287e+02  2.863e+00  3.396e+00  0.000e+00  0.000e+00  2.640e+02  2.452e+02
 0.7100  1.14719e+02  1.351e+01  1.012e+02  9.218e+01  9.036e+00  0.000e+00  5.467e+00  8.671e+01  6.112e+00  2.924e+00  0.000e+00  0.000e+00  3.021e+02  4.478e+02
 0.7150  1.13081e+02  1.440e+01  9.868e+01  9.423e+01  4.446e+00  0.000e+00  6.247e+00  8.798e+01  3.445e+00  1.001e+00  0.000e+00  0.000e+00  3.221e+02  5.875e+01
 0.7200  1.10751e+02  1.167e+01  9.908e+01  8.897e+01  1.011e+01  0.000e+00  6.674e+00  8.230e+01  6.941e+00  3.166e+00  0.000e+00  0.000e+00  2.611e+02  5.599e+02
 0.7250  1.11425e+02  1.279e+01  9.864e+01  9.152e+01  7.123e+00  0.000e+00  7.007e+00  8.451e+01  3.101e+00  4.022e+00  0.000e+00  0.000e+00  2.859e+02  2.037e+01
 0.7300  1.09769e+02  1.568e+01  9.408e+01  8.766e+01  6.420e+00  0.000e+00  7.148e+00  8.052e+01  5.818e+00  6.027e-01  0.000e+00  0.000e+00  3.508e+02  5.071e+02
 0.7350  1.07605e+02  1.345e+01  9.416e+01  8.893e+01  5.232e+00  0.000e+00  6.657e+00  8.227e+01  3.424e+00  1.809e+00  0.000e+00  0.000e+00  3.007e+02  7.573e+01
 0.7400  1.09287e+02  1.248e+01  9.681e+01  8.750e+01  9.307e+00  0.000e+00  5.952e+00  8.155e+01  4.377e+00  4.931e+00  0.000e+00  0.000e+00  2.791e+02  5.383e+02
 0.7450  1.07451e+02  1.577e+01  9.168e+01  8.727e+01  4.408e+00  0.000e+00  5.196e+00  8.207e+01  3.598e+00  8.103e-01  0.000e+00  0.000e+00  3.528e+02  1.441e+02
 0.7500  1.08365e+02  1.572e+01  9.264e+01  8.797e+01  4.668e+00  0.000e+00  4.634e+00  8.334e+01  3.381e+00  1.286e+00  0.000e+00  0.000e+00  3.517e+02  6.396e+02
 0.7550  1.10261e+02  1.303e+01  9.723e+01  8.768e+01  9.553e+00  0.000e+00  4.140e+00  8.354e+01  4.440e+00  5.113e+00  0.000e+00  0.000e+00  2.914e+02  2.833e+02
 0.7600  1.45141e+02  1.434e+01  1.308e+02  1.256e+02  5.196e+00  0.000e+00  3.985e+00  1.216e+02  3.377e+00  1.819e+00  0.000e+00  0.000e+00  3.206e+02  5.038e+02
 0.7650  1.45739e+02  1.471e+01  1.310e+02  1.251e+02  5.936e+00  0.000e+00  3.907e+00  1.212e+02  5.066e+00  8.706e-01  0.000e+00  0.000e+00  3.290e+02  4.920e+02
 0.7700  1.06019e+02  1.120e+01  9.482e+01  8.683e+01  7.985e+00  0.000e+00  3.969e+00  8.286e+01  3.856e+00  4.129e+00  0.000e+00  0.000e+00  2.505e+02  1.512e+02
 0.7750  1.05976e+02  1.086e+01  9.511e+01  8.721e+01  7.902e+00  0.000e+00  4.128e+00  8.308e+01  5.281e+00  2.621e+00  0.000e+00  0.000e+00  2.429e+02  6.873e+02
 0.7800  1.04581e+02  1.341e+01  9.117e+01  8.626e+01  4.909e+00  0.000e+00  4.178e+00  8.208e+01  3.917e+00  9.913e-01  0.000e+00  0.000e+00  2.999e+02 -1.416e+01
 0.7850  1.05963e+02  1.210e+01  9.386e+01  8.586e+01  7.998e+00  0.000e+00  4.418e+00  8.144e+01  4.886e+00  3.112e+00  0.000e+00  0.000e+00  2.707e+02  7.139e+02
 0.7900  1.04097e+02  1.115e+01  9.295e+01  8.649e+01  6.460e+00  0.000e+00  4.336e+00  8.215e+01  3.629e+00  2.830e+00  0.000e+00  0.000e+00  2.493e+02  2.309e+01
 0.7950  1.04786e+02  1.340e+01  9.139e+01  8.558e+01  5.808e+00  0.000e+00  4.472e+00  8.111e+01  3.840e+00  1.968e+00  0.000e+00  0.000e+00  2.996e+02  7.040e+02
 0.8000  1.44464e+02  1.352e+01  1.309e+02  1.257e+02  5.276e+00  0.000e+00  4.578e+00  1.211e+02  3.318e+00  1.958e+00  0.000e+00  0.000e+00  3.023e+02 -4.950e+00
 0.8050  1.05989e+02  1.149e+01  9.450e+01  8.814e+01  6.360e+00  0.000e+00  4.738e+00  8.340e+01  3.732e+00  2.628e+00  0.000e+00  0.000e+00  2.569e+02  6.203e+02
 0.8100  1.10686e+02  1.348e+01  9.720e+01  8.970e+01  7.498e+00  0.000e+00  5.065e+00  8.464e+01  4.441e+00  3.057e+00  0.000e+00  0.000e+00  3.015e+02  2.670e+02
 0.8150  1.11497e+02  1.578e+01  9.572e+01  9.039e+01  5.324e+00  0.000e+00  5.241e+00  8.515e+01  3.936e+00  1.389e+00  0.000e+00  0.000e+00  3.529e+02  3.210e+02
 0.8200  1.12196e+02  1.419e+01  9.800e+01  9.000e+01  8.004e+00  0.000e+00  5.344e+00  8.465e+01  5.279e+00  2.725e+00  0.000e+00  0.000e+00  3.175e+02  7.288e+02
 0.8250  7.56930e+01  1.377e+01  6.192e+01  5.356e+01  8.362e+00  0.000e+00  5.402e+00  4.816e+01  4.370e+00  3.992e+00  0.000e+00  0.000e+00  3.079e+02  3.967e+01
 0.8300  7.51492e+01  1.598e+01  5.917e+01  5.298e+01  6.183e+00  0.000e+00  5.226e+00  4.776e+01  5.228e+00  9.548e-01  0.000e+00  0.000e+00  3.574e+02  8.616e+02
 0.8350  1.11718e+02  1.515e+01  9.657e+01  9.155e+01  5.015e+00  0.000e+00  4.984e+00  8.657e+01  3.420e+00  1.595e+00  0.000e+00  0.000e+00  3.388e+02 -5.051e+01
 0.8400  9.64881e+01  1.347e+01  8.302e+01  7.450e+01  8.518e+00  0.000e+00  4.918e+00  6.958e+01  4.058e+00  4.460e+00  0.000e+00  0.000e+00  3.013e+02  8.518e+02
 0.8450  1.33880e+02  1.555e+01  1.183e+02  1.137e+02  4.577e+00  0.000e+00  4.823e+00  1.089e+02  3.087e+00  1.490e+00  0.000e+00  0.000e+00  3.479e+02 -4.505e+01
 0.8500  1.75040e+02  1.566e+01  1.594e+02  1.539e+02  5.463e+00  0.000e+00  4.863e+00  1.491e+02  4.527e+00  9.367e-01  0.000e+00  0.000e+00  3.502e+02  8.033e+02
 0.8550  1.40096e+02  1.292e+01  1.272e+02  1.186e+02  8.621e+00  0.000e+00  5.145e+00  1.134e+02  4.455e+00  4.166e+00  0.000e+00  0.000e+00  2.890e+02  7.518e+01
 0.8600  1.78591e+02  1.283e+01  1.658e+02  1.589e+02  6.826e+00  0.000e+00  5.420e+00  1.535e+02  4.741e+00  2.086e+00  0.000e+00  0.000e+00  2.871e+02  4.729e+02
 0.8650  1.82402e+02  1.392e+01  1.685e+02  1.615e+02  6.986e+00  0.000e+00  5.795e+00  1.557e+02  5.599e+00  1.387e+00  0.000e+00  0.000e+00  3.113e+02  3.872e+02
 0.8700  1.84379e+02  1.241e+01  1.720e+02  1.646e+02  7.354e+00  0.000e+00  6.339e+00  1.583e+02  4.082e+00  3.272e+00  0.000e+00  0.000e+00  2.776e+02 -5.807e+01
 0.8750  1.87652e+02  1.305e+01  1.746e+02  1.674e+02  7.195e+00  0.000e+00  6.932e+00  1.605e+02  4.609e+00  2.586e+00  0.000e+00  0.000e+00  2.919e+02  6.950e+02
 0.8800  1.91310e+02  1.652e+01  1.748e+02  1.702e+02  4.585e+00  0.000e+00  7.500e+00  1.627e+02  2.221e+00  2.364e+00  0.000e+00  0.000e+00  3.694e+02 -2.733e+02
 0.8850  1.20025e+02  1.746e+01  1.026e+02  9.608e+01  6.484e+00  0.000e+00  8.324e+00  8.776e+01  4.232e+00  2.252e+00  0.000e+00  0.000e+00  3.905e+02  8.086e+02
 0.8900  1.59398e+02  1.677e+01  1.426e+02  1.374e+02  5.245e+00  0.000e+00  8.998e+00  1.284e+02  2.764e+00  2.480e+00  0.000e+00  0.000e+00  3.750e+02 -2.692e+02
 0.8950  1.24813e+02  1.869e+01  1.061e+02  9.745e+01  8.675e+00  0.000e+00  9.590e+00  8.786e+01  5.805e+00  2.870e+00  0.000e+00  0.000e+00  4.180e+02  8.918e+02
 0.9000  1.65685e+02  1.850e+01  1.472e+02  1.410e+02  6.163e+00  0.000e+00  1.045e+01  1.306e+02  4.133e+00  2.030e+00  0.000e+00  0.000e+00  4.137e+02 -2.997e+02
 0.9050  1.27387e+02  1.500e+01  1.124e+02  1.032e+02  9.204e+00  0.000e+00  1.091e+01  9.227e+01  7.520e+00  1.683e+00  0.000e+00  0.000e+00  3.355e+02  6.543e+02
 0.9100  1.15267e+02  1.504e+01  1.002e+02  9.111e+01  9.119e+00  0.000e+00  1.171e+01  7.940e+01  4.863e+00  4.256e+00  0.000e+00  0.000e+00  3.363e+02 -2.061e+02
 0.9150  1.16012e+02  1.728e+01  9.873e+01  9.171e+01  7.024e+00  0.000e+00  1.216e+01  7.955e+01  4.947e+00  2.078e+00  0.000e+00  0.000e+00  3.864e+02  1.429e+02
 0.9200  1.52578e+02  1.787e+01  1.347e+02  1.297e+02  5.040e+00  0.000e+00  1.287e+01  1.168e+02  3.780e+00  1.259e+00  0.000e+00  0.000e+00  3.996e+02  1.885e+02
 0.9250  1.57683e+02  1.799e+01  1.397e+02  1.318e+02  7.903e+00  0.000e+00  1.357e+01  1.182e+02  2.215e+00  5.688e+00  0.000e+00  0.000e+00  4.024e+02 -2.784e+02
 0.9300  1.20634e+02  1.889e+01  1.017e+02  9.666e+01  5.080e+00  0.000e+00  1.436e+01  8.230e+01  3.804e+00  1.276e+00  0.000e+00  0.000e+00  4.225e+02  3.914e+02
 0.9350  1.19246e+02  1.720e+01  1.020e+02  9.884e+01  3.207e+00  0.000e+00  1.522e+01  8.362e+01  1.990e+00  1.217e+00  0.000e+00  0.000e+00  3.847e+02 -6.729e+02
 0.9400  1.54565e+02  1.344e+01  1.411e+02  1.279e+02  1.326e+01  0.000e+00  1.506e+01  1.128e+02  7.698e+00  5.565e+00  0.000e+00  0.000e+00  3.006e+02  5.056e+02
 0.9450  1.54102e+02  1.435e+01  1.397e+02  1.342e+02  5.498e+00  0.000e+00  1.449e+01  1.198e+02  4.244e+00  1.254e+00  0.000e+00  0.000e+00  3.210e+02 -7.092e+02
 0.9500  1.49131e+02  1.531e+01  1.338e+02  1.232e+02  1.063e+01  0.000e+00  1.270e+01  1.105e+02  9.759e+00  8.729e-01  0.000e+00  0.000e+00  3.425e+02  7.223e+02
 0.9550  1.69525e+02  1.528e+01  1.542e+02  1.453e+02  8.964e+00  0.000e+00  1.093e+01  1.344e+02  4.710e+00  4.254e+00  0.000e+00  0.000e+00  3.417e+02 -3.711e+02
 0.9600  1.23142e+02  1.678e+01  1.064e+02  9.856e+01  7.802e+00  0.000e+00  8.879e+00  8.968e+01  5.928e+00  1.874e+00  0.000e+00  0.000e+00  3.753e+02  8.030e+02
 0.9650  1.95108e+02  1.815e+01  1.770e+02  1.729e+02  4.049e+00  0.000e+00  7.654e+00  1.653e+02  2.199e+00  1.850e+00  0.000e+00  0.000e+00  4.058e+02  2.489e+01
 0.9700  1.52302e+02  1.694e+01  1.354e+02  1.304e+02  4.952e+00  0.000e+00  6.554e+00  1.239e+02  1.784e+00  3.168e+00  0.000e+00  0.000e+00  3.790e+02  3.584e+02
 0.9750  1.46881e+02  1.628e+01  1.306e+02  1.256e+02  4.951e+00  0.000e+00  5.787e+00  1.199e+02  2.409e+00  2.541e+00  0.000e+00  0.000e+00  3.642e+02  5.309e+02
 0.9800  1.84607e+02  1.725e+01  1.674e+02  1.631e+02  4.247e+00  0.000e+00  5.418e+00  1.577e+02  1.928e+00  2.319e+00  0.000e+00  0.000e+00  3.858e+02  1.307e+02
 0.9850  1.44570e+02  1.459e+01  1.300e+02  1.222e+02  7.745e+00  0.000e+00  4.958e+00  1.173e+02  5.664e+00  2.080e+00  0.000e+00  0.000e+00  3.262e+02  7.740e+02
 0.9900  1.77947e+02  1.131e+01  1.666e+02  1.589e+02  7.751e+00  0.000e+00  4.748e+00  1.541e+02  4.449e+00  3.302e+00  0.000e+00  0.000e+00  2.529e+02 -3.794e+01
 0.9950  1.79533e+02  1.211e+01  1.674e+02  1.569e+02  1.057e+01  0.000e+00  4.410e+00  1.524e+02  7.756e+00  2.812e+00  0.000e+00  0.000e+00  2.708e+02  9.680e+02
 1.0000  1.75593e+02  1.456e+01  1.610e+02  1.551e+02  5.895e+00  0.000e+00  4.195e+00  1.509e+02  4.855e+00  1.039e+00  0.000e+00  0.000e+00  3.257e+02 -1.499e+02
 1.0050  1.76188e+02  1.536e+01  1.608e+02  1.530e+02  7.866e+00  0.000e+00  3.835e+00  1.491e+02  6.053e+00  1.813e+00  0.000e+00  0.000e+00  3.434e+02  1.192e+03
 1.0100  1.74329e+02  1.713e+01  1.572e+02  1.517e+02  5.485e+00  0.000e+00  3.699e+00  1.480e+02  1.787e+00  3.698e+00  0.000e+00  0.000e+00  3.831e+02  1.781e+00
 1.0150  1.72730e+02  1.911e+01  1.536e+02  1.503e+02  3.293e+00  0.000e+00  3.530e+00  1.468e+02  2.018e+00  1.274e+00  0.000e+00  0.000e+00  4.275e+02  9.202e+02
 1.0200  1.70050e+02  1.697e+01  1.531e+02  1.493e+02  3.751e+00  0.000e+00  3.416e+00  1.459e+02  1.846e+00  1.904e+00  0.000e+00  0.000e+00  3.796e+02  3.611e+02
 1.0250  1.70444e+02  1.368e+01  1.568e+02  1.490e+02  7.726e+00  0.000e+00  3.486e+00  1.456e+02  2.966e+00  4.759e+00  0.000e+00  0.000e+00  3.060e+02  4.059e+02
 1.0300  1.68343e+02  1.321e+01  1.551e+02  1.488e+02  6.293e+00  0.000e+00  3.567e+00  1.453e+02  5.161e+00  1.132e+00  0.000e+00  0.000e+00  2.955e+02  6.822e+02
 1.0350  1.68246e+02  1.188e+01  1.564e+02  1.493e+02  7.115e+00  0.000e+00  3.706e+00  1.455e+02  5.273e+00  1.842e+00  0.000e+00  0.000e+00  2.657e+02  2.535e+01
 1.0400  1.71152e+02  9.773e+00  1.614e+02  1.499e+02  1.147e+01  0.000e+00  3.993e+00  1.459e+02  6.375e+00  5.099e+00  0.000e+00  0.000e+00  2.186e+02  9.076e+02
 1.0450  1.68845e+02  1.181e+01  1.570e+02  1.508e+02  6.208e+00  0.000e+00  4.268e+00  1.466e+02  4.663e+00  1.546e+00  0.000e+00  0.000e+00  2.642e+02 -2.079e+02
 1.0500  1.71559e+02  1.386e+01  1.577e+02  1.519e+02  5.847e+00  0.000e+00  4.526e+00  1.473e+02  4.188e+00  1.659e+00  0.000e+00  0.000e+00  3.100e+02  9.857e+02
 1.0550  1.34776e+02  1.326e+01  1.215e+02  1.154e+02  6.157e+00  0.000e+00  4.894e+00  1.105e+02  2.034e+00  4.123e+00  0.000e+00  0.000e+00  2.965e+02 -2.944e+02
 1.0600  1.33340e+02  1.372e+01  1.196e+02  1.154e+02  4.215e+00  0.000e+00  5.141e+00  1.103e+02  2.471e+00  1.744e+00  0.000e+00  0.000e+00  3.069e+02  8.184e+02
 1.0650  1.35517e+02  1.532e+01  1.202e+02  1.158e+02  4.407e+00  0.000e+00  5.224e+00  1.106e+02  2.423e+00  1.985e+00  0.000e+00  0.000e+00  3.427e+02  1.558e+00
 1.0700  1.36735e+02  1.415e+01  1.226e+02  1.164e+02  6.214e+00  0.000e+00  5.454e+00  1.109e+02  3.499e+00  2.715e+00  0.000e+00  0.000e+00  3.165e+02  4.359e+02
 1.0750  1.37688e+02  1.263e+01  1.251e+02  1.174e+02  7.663e+00  0.000e+00  5.418e+00  1.120e+02  5.285e+00  2.378e+00  0.000e+00  0.000e+00  2.824e+02  5.442e+02
 1.0800  1.39658e+02  1.387e+01  1.258e+02  1.180e+02  7.830e+00  0.000e+00  5.414e+00  1.125e+02  5.258e+00  2.572e+00  0.000e+00  0.000e+00  3.101e+02  1.032e+02
 1.0850  1.41132e+02  1.369e+01  1.274e+02  1.199e+02  7.558e+00  0.000e+00  5.616e+00  1.143e+02  5.886e+00  1.672e+00  0.000e+00  0.000e+00  3.061e+02  8.133e+02
 1.0900  1.78276e+02  1.284e+01  1.654e+02  1.583e+02  7.175e+00  0.000e+00  5.564e+00  1.527e+02  3.875e+00  3.300e+00  0.000e+00  0.000e+00  2.871e+02 -1.205e+02
 1.0950  1.82008e+02  1.496e+01  1.671e+02  1.597e+02  7.371e+00  0.000e+00  5.915e+00  1.538e+02  4.230e+00  3.141e+00  0.000e+00  0.000e+00  3.345e+02  9.597e+02
 1.1000  1.81539e+02  1.748e+01  1.641e+02  1.608e+02  3.250e+00  0.000e+00  6.172e+00  1.546e+02  2.319e+00  9.307e-01  0.000e+00  0.000e+00  3.910e+02 -2.613e+02
 1.1050  1.84317e+02  1.654e+01  1.678e+02  1.621e+02  5.651e+00  0.000e+00  6.532e+00  1.556e+02  3.470e+00  2.181e+00  0.000e+00  0.000e+00  3.700e+02  9.699e+02
 1.1100  1.49525e+02  1.708e+01  1.324e+02  1.262e+02  6.249e+00  0.000e+00  7.086e+00  1.191e+02  2.518e+00  3.731e+00  0.000e+00  0.000e+00  3.821e+02 -7.493e+01
 1.1150  1.50458e+02  1.781e+01  1.326e+02  1.275e+02  5.134e+00  0.000e+00  7.684e+00  1.198e+02  4.086e+00  1.048e+00  0.000e+00  0.000e+00  3.984e+02  5.820e+02
 1.1200  1.50237e+02  1.507e+01  1.352e+02  1.284e+02  6.768e+00  0.000e+00  8.275e+00  1.201e+02  4.914e+00  1.854e+00  0.000e+00  0.000e+00  3.370e+02  2.772e+02
 1.1250  1.53793e+02  1.273e+01  1.411e+02  1.310e+02  1.007e+01  0.000e+00  9.086e+00  1.219e+02  5.137e+00  4.931e+00  0.000e+00  0.000e+00  2.846e+02 -4.001e+01
 1.1300  1.14121e+02  1.336e+01  1.008e+02  9.411e+01  6.654e+00  0.000e+00  9.432e+00  8.468e+01  5.384e+00  1.271e+00  0.000e+00  0.000e+00  2.987e+02  5.174e+02
 1.1350  1.52112e+02  1.379e+01  1.383e+02  1.321e+02  6.186e+00  0.000e+00  9.740e+00  1.224e+02  4.235e+00  1.952e+00  0.000e+00  0.000e+00  3.084e+02 -4.220e+02
 1.1400  1.18474e+02  1.386e+01  1.046e+02  9.533e+01  9.285e+00  0.000e+00  9.932e+00  8.540e+01  4.169e+00  5.116e+00  0.000e+00  0.000e+00  3.099e+02  7.089e+02
 1.1450  1.15738e+02  1.681e+01  9.893e+01  9.374e+01  5.194e+00  0.000e+00  9.531e+00  8.421e+01  3.062e+00  2.132e+00  0.000e+00  0.000e+00  3.759e+02 -3.193e+02
 1.1500  8.26889e+01  1.897e+01  6.372e+01  5.769e+01  6.030e+00  0.000e+00  9.506e+00  4.818e+01  4.428e+00  1.603e+00  0.000e+00  0.000e+00  4.243e+02  8.173e+02
 1.1550  1.19448e+02  1.822e+01  1.012e+02  9.468e+01  6.550e+00  0.000e+00  9.387e+00  8.529e+01  3.285e+00  3.265e+00  0.000e+00  0.000e+00  4.074e+02 -1.308e+02
 1.1600  1.21665e+02  1.629e+01  1.054e+02  9.791e+01  7.462e+00  0.000e+00  9.102e+00  8.881e+01  4.667e+00  2.795e+00  0.000e+00  0.000e+00  3.644e+02  6.293e+02
 1.1650  1.59364e+02  1.705e+01  1.423e+02  1.367e+02  5.630e+00  0.000e+00  9.008e+00  1.277e+02  4.135e+00  1.495e+00  0.000e+00  0.000e+00  3.814e+02  1.382e+02
 1.1700  1.19805e+02  1.449e+01  1.053e+02  9.839e+01  6.922e+00  0.000e+00  8.830e+00  8.956e+01  5.149e+00  1.772e+00  0.000e+00  0.000e+00  3.241e+02  5.704e+01
 1.1750  1.56965e+02  1.226e+01  1.447e+02  1.372e+02  7.480e+00  0.000e+00  8.395e+00  1.288e+02  4.984e+00  2.497e+00  0.000e+00  0.000e+00  2.743e+02  5.289e+02
 1.1800  1.58004e+02  1.420e+01  1.438e+02  1.362e+02  7.618e+00  0.000e+00  8.108e+00  1.281e+02  5.105e+00  2.513e+00  0.000e+00  0.000e+00  3.176e+02 -2.335e+02
 1.1850  1.59600e+02  1.639e+01  1.432e+02  1.370e+02  6.213e+00  0.000e+00  7.850e+00  1.292e+02  4.788e+00  1.425e+00  0.000e+00  0.000e+00  3.665e+02  7.905e+02
 1.1900  1.96961e+02  1.634e+01  1.806e+02  1.734e+02  7.228e+00  0.000e+00  7.387e+00  1.660e+02  3.937e+00  3.291e+00  0.000e+00  0.000e+00  3.655e+02 -6.790e+01
 1.1950  1.98906e+02  1.586e+01  1.831e+02  1.735e+02  9.585e+00  0.000e+00  7.404e+00  1.661e+02  4.735e+00  4.850e+00  0.000e+00  0.000e+00  3.546e+02  8.205e+02
 1.2000  1.94854e+02  1.746e+01  1.774e+02  1.736e+02  3.804e+00  0.000e+00  7.507e+00  1.661e+02  3.087e+00  7.162e-01  0.000e+00  0.000e+00  3.904e+02 -7.402e+01
 1.2050  2.17260e+02  1.704e+01  2.002e+02  1.942e+02  6.018e+00  0.000e+00  7.917e+00  1.863e+02  3.798e+00  2.220e+00  0.000e+00  0.000e+00  3.811e+02  6.152e+02
 1.2100  1.45018e+02  1.745e+01  1.276e+02  1.196e+02  7.997e+00  0.000e+00  8.575e+00  1.110e+02  2.962e+00  5.036e+00  0.000e+00  0.000e+00  3.904e+02  2.012e+02
 1.2150  1.82478e+02  1.727e+01  1.652e+02  1.595e+02  5.686e+00  0.000e+00  9.524e+00  1.500e+02  4.822e+00  8.639e-01  0.000e+00  0.000e+00  3.862e+02  2.187e+02
 1.2200  1.79189e+02  1.334e+01  1.658e+02  1.601e+02  5.780e+00  0.000e+00  1.029e+01  1.498e+02  4.582e+00  1.199e+00  0.000e+00  0.000e+00  2.984e+02  1.646e+02
 1.2250  1.80232e+02  1.022e+01  1.700e+02  1.599e+02  1.010e+01  0.000e+00  1.030e+01  1.496e+02  5.064e+00  5.035e+00  0.000e+00  0.000e+00  2.285e+02 -3.262e+02
 1.2300  1.76770e+02  1.269e+01  1.641e+02  1.569e+02  7.229e+00  0.000e+00  9.734e+00  1.471e+02  5.850e+00  1.379e+00  0.000e+00  0.000e+00  2.838e+02  5.277e+02
 1.2350  1.75230e+02  1.517e+01  1.601e+02  1.540e+02  6.092e+00  0.000e+00  8.761e+00  1.452e+02  4.734e+00  1.358e+00  0.000e+00  0.000e+00  3.392e+02 -2.590e+02
 1.2400  1.71689e+02  1.387e+01  1.578e+02  1.484e+02  9.462e+00  0.000e+00  7.431e+00  1.409e+02  5.083e+00  4.379e+00  0.000e+00  0.000e+00  3.103e+02  7.506e+02
 1.2450  1.67571e+02  1.524e+01  1.523e+02  1.478e+02  4.533e+00  0.000e+00  6.596e+00  1.412e+02  2.724e+00  1.809e+00  0.000e+00  0.000e+00  3.408e+02 -4.672e+01
 1.2500  1.68780e+02  1.907e+01  1.497e+02  1.438e+02  5.873e+00  0.000e+00  5.763e+00  1.381e+02  3.746e+00  2.127e+00  0.000e+00  0.000e+00  4.264e+02  8.201e+02
 1.2550  2.05622e+02  1.882e+01  1.868e+02  1.819e+02  4.920e+00  0.000e+00  5.208e+00  1.767e+02  1.884e+00  3.036e+00  0.000e+00  0.000e+00  4.209e+02  2.687e+02
 1.2600  2.02958e+02  1.624e+01  1.867e+02  1.801e+02  6.594e+00  0.000e+00  4.909e+00  1.752e+02  3.720e+00  2.874e+00  0.000e+00  0.000e+00  3.632e+02  6.861e+02
 1.2650  1.99374e+02  1.455e+01  1.848e+02  1.791e+02  5.672e+00  0.000e+00  4.711e+00  1.744e+02  3.260e+00  2.412e+00  0.000e+00  0.000e+00  3.255e+02  3.555e+02
 1.2700  1.77894e+02  1.276e+01  1.651e+02  1.580e+02  7.135e+00  0.000e+00  4.426e+00  1.536e+02  6.179e+00  9.559e-01  0.000e+00  0.000e+00  2.854e+02  2.410e+02
 1.2750  1.75789e+02  1.102e+01  1.648e+02  1.564e+02  8.378e+00  0.000e+00  4.185e+00  1.522e+02  5.626e+00  2.752e+00  0.000e+00  0.000e+00  2.466e+02  7.103e+02
 1.2800  1.77285e+02  1.314e+01  1.641e+02  1.549e+02  9.280e+00  0.000e+00  3.957e+00  1.509e+02  6.230e+00  3.050e+00  0.000e+00  0.000e+00  2.940e+02  1.494e+02
 1.2850  1.74647e+02  1.578e+01  1.589e+02  1.537e+02  5.169e+00  0.000e+00  3.783e+00  1.499e+02  4.259e+00  9.094e-01  0.000e+00  0.000e+00  3.529e+02  8.754e+02
 1.2900  1.73408e+02  1.498e+01  1.584e+02  1.524e+02  5.979e+00  0.000e+00  3.615e+00  1.488e+02  3.003e+00  2.976e+00  0.000e+00  0.000e+00  3.350e+02  2.126e+02
 1.2950  1.73450e+02  1.493e+01  1.585e+02  1.525e+02  5.994e+00  0.000e+00  3.690e+00  1.488e+02  2.145e+00  3.849e+00  0.000e+00  0.000e+00  3.339e+02  7.065e+02
 1.3000  1.71883e+02  1.720e+01  1.547e+02  1.524e+02  2.278e+00  0.000e+00  3.661e+00  1.487e+02  1.125e+00  1.153e+00  0.000e+00  0.000e+00  3.847e+02  2.851e+02
 1.3050  1.75250e+02  1.729e+01  1.580e+02  1.527e+02  5.286e+00  0.000e+00  3.734e+00  1.489e+02  3.234e+00  2.052e+00  0.000e+00  0.000e+00  3.866e+02  6.612e+02
 1.3100  1.76925e+02  1.461e+01  1.623e+02  1.540e+02  8.303e+00  0.000e+00  4.010e+00  1.500e+02  3.149e+00  5.154e+00  0.000e+00  0.000e+00  3.268e+02  4.947e+02
 1.3150  1.38500e+02  1.392e+01  1.246e+02  1.166e+02  7.973e+00  0.000e+00  4.063e+00  1.125e+02  6.552e+00  1.421e+00  0.000e+00  0.000e+00  3.114e+02  4.606e+02
 1.3200  1.75316e+02  1.190e+01  1.634e+02  1.561e+02  7.192e+00  1.351e-01  4.372e+00  1.517e+02  5.755e+00  1.437e+00  0.000e+00  0.000e+00  2.660e+02  1.050e+03
 1.3250  1.77439e+02  9.780e+00  1.677e+02  1.569e+02  1.048e+01  2.524e-01  4.455e+00  1.525e+02  6.607e+00  3.878e+00  0.000e+00  0.000e+00  2.187e+02  1.059e+03
 1.3300  1.75445e+02  1.112e+01  1.643e+02  1.584e+02  5.926e+00  0.000e+00  4.642e+00  1.538e+02  4.134e+00  1.792e+00  0.000e+00  0.000e+00  2.488e+02  5.078e+02
 1.3350  1.79174e+02  1.553e+01  1.636e+02  1.593e+02  4.362e+00  0.000e+00  4.686e+00  1.546e+02  2.615e+00  1.747e+00  0.000e+00  0.000e+00  3.474e+02  1.687e+02
 1.3400  1.81973e+02  1.694e+01  1.650e+02  1.608e+02  4.220e+00  0.000e+00  4.913e+00  1.559e+02  1.371e+00  2.849e+00  0.000e+00  0.000e+00  3.789e+02  5.185e+02
 1.3450  1.82454e+02  1.625e+01  1.662e+02  1.627e+02  3.518e+00  2.350e-02  5.197e+00  1.575e+02  1.008e+00  2.511e+00  0.000e+00  0.000e+00  3.635e+02  6.203e+02
 1.3500  1.87990e+02  1.628e+01  1.717e+02  1.647e+02  6.968e+00  0.000e+00  5.604e+00  1.591e+02  4.505e+00  2.463e+00  0.000e+00  0.000e+00  3.640e+02  2.939e+02
 1.3550  1.89987e+02  1.571e+01  1.743e+02  1.681e+02  5.571e+00  6.141e-01  6.353e+00  1.617e+02  3.361e+00  2.209e+00  0.000e+00  0.000e+00  3.514e+02  1.729e+03
 1.3600  1.56627e+02  1.452e+01  1.421e+02  1.330e+02  9.107e+00  0.000e+00  6.991e+00  1.260e+02  6.594e+00  2.513e+00  0.000e+00  0.000e+00  3.248e+02  5.125e+02
 1.3650  1.59446e+02  1.507e+01  1.444e+02  1.356e+02  8.811e+00  0.000e+00  8.242e+00  1.273e+02  4.616e+00  4.196e+00  0.000e+00  0.000e+00  3.370e+02  1.867e+02
 1.3700  1.61849e+02  1.707e+01  1.448e+02  1.378e+02  6.932e+00  0.000e+00  9.190e+00  1.287e+02  6.317e+00  6.150e-01  0.000e+00  0.000e+00  3.818e+02  4.624e+02
 1.3750  1.81982e+02  1.515e+01  1.668e+02  1.615e+02  5.299e+00  0.000e+00  1.030e+01  1.512e+02  2.936e+00  2.363e+00  0.000e+00  0.000e+00  3.388e+02 -6.733e+01
 1.3800  1.48749e+02  1.420e+01  1.345e+02  1.276e+02  6.956e+00  0.000e+00  1.163e+01  1.160e+02  3.329e+00  3.627e+00  0.000e+00  0.000e+00  3.176e+02  2.337e+02
 1.3850  1.49547e+02  1.667e+01  1.329e+02  1.302e+02  2.682e+00  0.000e+00  1.247e+01  1.177e+02  1.698e+00  9.838e-01  0.000e+00  0.000e+00  3.727e+02 -3.316e+02
 1.3900  1.54112e+02  1.678e+01  1.373e+02  1.322e+02  5.116e+00  0.000e+00  1.344e+01  1.188e+02  2.738e+00  2.378e+00  0.000e+00  0.000e+00  3.753e+02  2.719e+02
 1.3950  1.94558e+02  1.493e+01  1.796e+02  1.708e+02  8.794e+00  0.000e+00  1.428e+01  1.566e+02  4.394e+00  4.400e+00  0.000e+00  0.000e+00  3.340e+02 -3.361e+02
 1.4000  1.91976e+02  1.538e+01  1.766e+02  1.708e+02  5.826e+00  0.000e+00  1.520e+01  1.556e+02  4.736e+00  1.090e+00  0.000e+00  0.000e+00  3.440e+02  1.412e+02
 1.4050  1.73023e+02  1.521e+01  1.578e+02  1.489e+02  8.887e+00  0.000e+00  1.529e+01  1.336e+02  6.716e+00  2.171e+00  0.000e+00  0.000e+00  3.401e+02 -1.190e+02
 1.4100  1.33955e+02  1.423e+01  1.197e+02  1.107e+02  9.040e+00  0.000e+00  1.538e+01  9.530e+01  4.612e+00  4.428e+00  0.000e+00  0.000e+00  3.183e+02 -1.259e+02
 1.4150  9.28179e+01  1.516e+01  7.766e+01  6.978e+01  7.879e+00  0.000e+00  1.460e+01  5.518e+01  6.219e+00  1.660e+00  0.000e+00  0.000e+00  3.390e+02  2.529e+02
 1.4200  1.31065e+02  1.829e+01  1.128e+02  1.082e+02  4.571e+00  0.000e+00  1.366e+01  9.455e+01  2.697e+00  1.874e+00  0.000e+00  0.000e+00  4.090e+02 -3.043e+02
 1.4250  1.32373e+02  1.675e+01  1.156e+02  1.084e+02  7.177e+00  0.000e+00  1.243e+01  9.601e+01  3.253e+00  3.924e+00  0.000e+00  0.000e+00  3.747e+02  4.026e+02
 1.4300  1.64234e+02  1.475e+01  1.495e+02  1.457e+02  3.778e+00  0.000e+00  1.136e+01  1.343e+02  1.694e+00  2.084e+00  0.000e+00  0.000e+00  3.299e+02 -3.971e+02
 1.4350  1.29178e+02  1.566e+01  1.135e+02  1.078e+02  5.675e+00  0.000e+00  1.033e+01  9.751e+01  3.113e+00  2.562e+00  0.000e+00  0.000e+00  3.502e+02  4.371e+02
 1.4400  2.01578e+02  1.575e+01  1.858e+02  1.797e+02  6.174e+00  0.000e+00  9.184e+00  1.705e+02  3.872e+00  2.302e+00  0.000e+00  0.000e+00  3.522e+02 -2.679e+02
 1.4450  1.58956e+02  1.390e+01  1.451e+02  1.378e+02  7.277e+00  0.000e+00  8.152e+00  1.296e+02  5.357e+00  1.920e+00  0.000e+00  0.000e+00  3.110e+02  6.119e+02
 1.4500  1.96195e+02  1.566e+01  1.805e+02  1.711e+02  9.408e+00  0.000e+00  7.215e+00  1.639e+02  5.698e+00  3.710e+00  0.000e+00  0.000e+00  3.501e+02  1.523e+02
 1.4550  1.90317e+02  1.757e+01  1.727e+02  1.673e+02  5.450e+00  0.000e+00  6.378e+00  1.609e+02  4.184e+00  1.266e+00  0.000e+00  0.000e+00  3.930e+02  4.789e+02
 1.4600  1.87375e+02  1.642e+01  1.710e+02  1.638e+02  7.198e+00  0.000e+00  5.704e+00  1.581e+02  4.801e+00  2.398e+00  0.000e+00  0.000e+00  3.672e+02  6.185e+02
 1.4650  1.85592e+02  1.775e+01  1.678e+02  1.615e+02  6.299e+00  0.000e+00  5.342e+00  1.562e+02  2.208e+00  4.091e+00  0.000e+00  0.000e+00  3.971e+02  2.444e+02
 1.4700  1.82541e+02  1.946e+01  1.631e+02  1.591e+02  3.981e+00  0.000e+00  4.911e+00  1.542e+02  3.121e+00  8.596e-01  0.000e+00  0.000e+00  4.352e+02  8.718e+02
 1.4750  1.77384e+02  1.691e+01  1.605e+02  1.572e+02  3.288e+00  0.000e+00  4.689e+00  1.525e+02  1.370e+00  1.918e+00  0.000e+00  0.000e+00  3.781e+02 -1.012e+01
 1.4800  1.76050e+02  1.286e+01  1.632e+02  1.554e+02  7.826e+00  0.000e+00  4.442e+00  1.509e+02  3.633e+00  4.193e+00  0.000e+00  0.000e+00  2.877e+02  8.432e+02
 1.4850  1.71027e+02  1.383e+01  1.572e+02  1.522e+02  4.971e+00  0.000e+00  3.947e+00  1.483e+02  3.368e+00  1.604e+00  0.000e+00  0.000e+00  3.092e+02 -9.853e+01
 1.4900  1.69924e+02  1.330e+01  1.566e+02  1.497e+02  6.438e+00  5.230e-01  3.594e+00  1.461e+02  5.096e+00  1.342e+00  0.000e+00  0.000e+00  2.974e+02  2.202e+03
 1.4950  1.66128e+02  1.053e+01  1.556e+02  1.472e+02  8.355e+00  1.084e-02  3.265e+00  1.440e+02  4.986e+00  3.369e+00  0.000e+00  0.000e+00  2.355e+02  6.726e+01
 1.5000  1.61927e+02  9.988e+00  1.519e+02  1.454e+02  6.540e+00  7.533e-03  2.981e+00  1.424e+02  4.507e+00  2.033e+00  0.000e+00  0.000e+00  2.234e+02  9.001e+02
 1.5050  1.60199e+02  1.182e+01  1.484e+02  1.436e+02  4.489e+00  2.925e-01  2.744e+00  1.409e+02  3.244e+00  1.245e+00  0.000e+00  0.000e+00  2.644e+02  1.227e+03
 1.5100  1.59957e+02  1.288e+01  1.471e+02  1.430e+02  4.090e+00  0.000e+00  2.639e+00  1.403e+02  1.910e+00  2.180e+00  0.000e+00  0.000e+00  2.881e+02  1.467e+02
 1.5150  1.60831e+02  1.228e+01  1.486e+02  1.430e+02  5.593e+00  0.000e+00  2.616e+00  1.403e+02  3.167e+00  2.426e+00  0.000e+00  0.000e+00  2.746e+02  9.617e+02
 1.5200  1.61029e+02  1.351e+01  1.475e+02  1.432e+02  4.273e+00  0.000e+00  2.672e+00  1.406e+02  2.021e+00  2.252e+00  0.000e+00  0.000e+00  3.022e+02 -1.668e+02
 1.5250  1.62202e+02  1.284e+01  1.494e+02  1.440e+02  5.310e+00  0.000e+00  2.729e+00  1.413e+02  3.902e+00  1.408e+00  0.000e+00  0.000e+00  2.872e+02  1.078e+03
 1.5300  1.60734e+02  1.020e+01  1.505e+02  1.449e+02  5.607e+00  0.000e+00  2.862e+00  1.421e+02  3.665e+00  1.942e+00  0.000e+00  0.000e+00  2.282e+02 -2.572e+02
 1.5350  1.64209e+02  1.026e+01  1.539e+02  1.456e+02  8.351e+00  0.000e+00  2.862e+00  1.427e+02  4.816e+00  3.535e+00  0.000e+00  0.000e+00  2.295e+02  9.997e+02
 1.5400  1.63300e+02  1.204e+01  1.513e+02  1.459e+02  5.315e+00  0.000e+00  2.855e+00  1.431e+02  4.497e+00  8.171e-01  0.000e+00  0.000e+00  2.692e+02 -9.320e+01
 1.5450  1.62836e+02  1.119e+01  1.516e+02  1.467e+02  4.929e+00  0.000e+00  2.873e+00  1.438e+02  4.116e+00  8.136e-01  0.000e+00  0.000e+00  2.502e+02  6.907e+02
 1.5500  1.64887e+02  1.099e+01  1.539e+02  1.467e+02  7.159e+00  0.000e+00  2.782e+00  1.440e+02  2.809e+00  4.350e+00  0.000e+00  0.000e+00  2.458e+02  2.940e+02
 1.5550  1.63313e+02  1.296e+01  1.503e+02  1.476e+02  2.777e+00  0.000e+00  2.830e+00  1.447e+02  2.144e+00  6.336e-01  0.000e+00  0.000e+00  2.900e+02  1.869e+02
 1.5600  1.64414e+02  1.282e+01  1.516e+02  1.486e+02  2.975e+00  0.000e+00  2.935e+00  1.457e+02  2.255e+00  7.197e-01  0.000e+00  0.000e+00  2.867e+02  7.313e+02
 1.5650  1.88542e+02  1.209e+01  1.765e+02  1.689e+02  7.583e+00  0.000e+00  3.004e+00  1.659e+02  2.586e+00  4.998e+00  0.000e+00  0.000e+00  2.704e+02 -1.141e+02
 1.5700  1.90792e+02  1.420e+01  1.766e+02  1.715e+02  5.129e+00  0.000e+00  3.361e+00  1.681e+02  4.266e+00  8.627e-01  0.000e+00  0.000e+00  3.176e+02  1.114e+03
 1.5750  1.95234e+02  1.603e+01  1.792e+02  1.743e+02  4.895e+00  0.000e+00  3.780e+00  1.705e+02  4.301e+00  5.942e-01  0.000e+00  0.000e+00  3.585e+02 -1.342e+02
 1.5800  2.22361e+02  1.447e+01  2.079e+02  1.981e+02  9.809e+00  0.000e+00  4.451e+00  1.936e+02  5.430e+00  4.379e+00  0.000e+00  0.000e+00  3.235e+02  1.107e+03
 1.5850  1.85135e+02  1.631e+01  1.688e+02  1.631e+02  5.686e+00  0.000e+00  5.266e+00  1.579e+02  3.902e+00  1.784e+00  0.000e+00  0.000e+00  3.648e+02  1.583e+01
 1.5900  1.90614e+02  1.925e+01  1.714e+02  1.664e+02  5.004e+00  0.000e+00  6.338e+00  1.600e+02  4.133e+00  8.710e-01  0.000e+00  0.000e+00  4.304e+02  7.819e+02
 1.5950  1.95769e+02  1.950e+01  1.763e+02  1.717e+02  4.586e+00  0.000e+00  7.655e+00  1.640e+02  2.373e+00  2.214e+00  0.000e+00  0.000e+00  4.362e+02  2.279e+02
 1.6000  1.95902e+02  1.737e+01  1.785e+02  1.729e+02  5.648e+00  0.000e+00  8.950e+00  1.639e+02  3.176e+00  2.472e+00  0.000e+00  0.000e+00  3.886e+02  2.308e+02
 1.6050  2.03632e+02  1.796e+01  1.857e+02  1.816e+02  4.043e+00  0.000e+00  1.013e+01  1.715e+02  2.420e+00  1.623e+00  0.000e+00  0.000e+00  4.017e+02  4.384e+02
 1.6100  2.05047e+02  1.702e+01  1.880e+02  1.819e+02  6.123e+00  0.000e+00  1.049e+01  1.714e+02  4.254e+00  1.869e+00  0.000e+00  0.000e+00  3.806e+02 -3.495e+02
 1.6150  2.10198e+02  1.486e+01  1.953e+02  1.887e+02  6.681e+00  0.000e+00  1.083e+01  1.778e+02  5.212e+00  1.469e+00  0.000e+00  0.000e+00  3.323e+02  7.699e+02
 1.6200  1.75055e+02  1.500e+01  1.601e+02  1.505e+02  9.581e+00  0.000e+00  1.054e+01  1.399e+02  5.721e+00  3.860e+00  0.000e+00  0.000e+00  3.354e+02 -4.673e+02
 1.6250  1.80677e+02  1.727e+01  1.634e+02  1.562e+02  7.170e+00  0.000e+00  1.128e+01  1.450e+02  5.493e+00  1.676e+00  0.000e+00  0.000e+00  3.862e+02  7.494e+02
 1.6300  1.80582e+02  1.634e+01  1.642e+02  1.592e+02  5.013e+00  0.000e+00  1.225e+01  1.470e+02  3.972e+00  1.041e+00  0.000e+00  0.000e+00  3.653e+02 -4.225e+02
 1.6350  2.25229e+02  1.505e+01  2.102e+02  2.022e+02  7.949e+00  0.000e+00  1.380e+01  1.884e+02  3.371e+00  4.577e+00  0.000e+00  0.000e+00  3.365e+02  2.495e+02
 1.6400  2.23419e+02  1.566e+01  2.078e+02  2.038e+02  3.925e+00  0.000e+00  1.480e+01  1.890e+02  2.220e+00  1.705e+00  0.000e+00  0.000e+00  3.503e+02 -3.689e+02
 1.6450  2.24439e+02  1.492e+01  2.095e+02  2.069e+02  2.627e+00  0.000e+00  1.492e+01  1.920e+02  2.329e+00  2.981e-01  0.000e+00  0.000e+00  3.338e+02 -3.162e+02
 1.6500  2.25501e+02  1.346e+01  2.120e+02  2.037e+02  8.382e+00  0.000e+00  1.356e+01  1.901e+02  3.248e+00  5.134e+00  0.000e+00  0.000e+00  3.011e+02  7.257e+01
 1.6550  2.59688e+02  1.510e+01  2.446e+02  2.387e+02  5.912e+00  0.000e+00  1.172e+01  2.270e+02  4.124e+00  1.788e+00  0.000e+00  0.000e+00  3.377e+02 -3.799e+02
 1.6600  2.18524e+02  1.652e+01  2.020e+02  1.959e+02  6.088e+00  0.000e+00  1.035e+01  1.856e+02  5.522e+00  5.665e-01  0.000e+00  0.000e+00  3.696e+02  6.459e+02
 1.6650  1.78486e+02  1.604e+01  1.624e+02  1.536e+02  8.821e+00  0.000e+00  9.318e+00  1.443e+02  4.865e+00  3.955e+00  0.000e+00  0.000e+00  3.588e+02 -3.528e+02
 1.6700  2.09415e+02  1.691e+01  1.925e+02  1.851e+02  7.435e+00  0.000e+00  9.131e+00  1.759e+02  5.876e+00  1.560e+00  0.000e+00  0.000e+00  3.783e+02  8.791e+02
 1.6750  1.70511e+02  2.006e+01  1.504e+02  1.460e+02  4.419e+00  0.000e+00  9.160e+00  1.369e+02  3.323e+00  1.097e+00  0.000e+00  0.000e+00  4.487e+02 -1.918e+02
 1.6800  1.68372e+02  1.934e+01  1.490e+02  1.429e+02  6.161e+00  0.000e+00  9.345e+00  1.335e+02  3.503e+00  2.658e+00  0.000e+00  0.000e+00  4.325e+02  5.864e+02
 1.6850  1.61614e+02  1.776e+01  1.439e+02  1.396e+02  4.278e+00  0.000e+00  9.483e+00  1.301e+02  1.881e+00  2.397e+00  0.000e+00  0.000e+00  3.971e+02  8.441e+01
 1.6900  1.59064e+02  1.805e+01  1.410e+02  1.357e+02  5.346e+00  0.000e+00  8.752e+00  1.269e+02  3.171e+00  2.175e+00  0.000e+00  0.000e+00  4.037e+02  2.576e+02
 1.6950  1.93618e+02  1.847e+01  1.752e+02  1.705e+02  4.691e+00  0.000e+00  8.072e+00  1.624e+02  3.318e+00  1.373e+00  0.000e+00  0.000e+00  4.130e+02  4.151e+02
 1.7000  1.46689e+02  1.582e+01  1.309e+02  1.250e+02  5.863e+00  0.000e+00  6.835e+00  1.182e+02  4.546e+00  1.318e+00  0.000e+00  0.000e+00  3.538e+02  1.599e+02
 1.7050  1.84718e+02  1.409e+01  1.706e+02  1.620e+02  8.675e+00  0.000e+00  5.745e+00  1.562e+02  5.019e+00  3.656e+00  0.000e+00  0.000e+00  3.151e+02  7.559e+02
 1.7100  1.77701e+02  1.457e+01  1.631e+02  1.576e+02  5.488e+00  0.000e+00  4.872e+00  1.528e+02  4.389e+00  1.099e+00  0.000e+00  0.000e+00  3.258e+02 -4.603e+01
 1.7150  2.11615e+02  1.307e+01  1.985e+02  1.935e+02  5.019e+00  0.000e+00  4.208e+00  1.893e+02  4.555e+00  4.648e-01  0.000e+00  0.000e+00  2.922e+02  8.522e+02
 1.7200  2.09347e+02  1.145e+01  1.979e+02  1.904e+02  7.447e+00  0.000e+00  3.613e+00  1.868e+02  3.121e+00  4.326e+00  0.000e+00  0.000e+00  2.561e+02 -6.931e+01
 1.7250  2.05291e+02  1.266e+01  1.926e+02  1.879e+02  4.738e+00  0.000e+00  3.256e+00  1.846e+02  3.423e+00  1.315e+00  0.000e+00  0.000e+00  2.832e+02  7.633e+02
 1.7300  2.01611e+02  1.239e+01  1.892e+02  1.860e+02  3.175e+00  0.000e+00  2.984e+00  1.831e+02  2.791e+00  3.837e-01  0.000e+00  0.000e+00  2.770e+02  7.735e+01
 1.7350  2.01417e+02  1.018e+01  1.912e+02  1.840e+02  7.231e+00  0.000e+00  2.665e+00  1.813e+02  3.864e+00  3.367e+00  0.000e+00  0.000e+00  2.276e+02  5.194e+02
 1.7400  1.79783e+02  1.091e+01  1.689e+02  1.634e+02  5.501e+00  0.000e+00  2.564e+00  1.608e+02  3.426e+00  2.075e+00  0.000e+00  0.000e+00  2.440e+02  4.086e+02
 1.7450  1.80146e+02  1.306e+01  1.671e+02  1.619e+02  4.510e+00  6.689e-01  2.295e+00  1.596e+02  4.071e+00  4.389e-01  0.000e+00  0.000e+00  2.921e+02  1.765e+03
 1.7500  1.81923e+02  1.354e+01  1.684e+02  1.616e+02  6.462e+00  2.879e-01  2.258e+00  1.594e+02  3.765e+00  2.696e+00  0.000e+00  0.000e+00  3.028e+02  2.010e+03
 1.7550  1.81143e+02  1.366e+01  1.675e+02  1.616e+02  5.683e+00  1.528e-01  2.238e+00  1.594e+02  3.659e+00  2.024e+00  0.000e+00  0.000e+00  3.055e+02  7.407e+02
 1.7600  1.83486e+02  1.461e+01  1.689e+02  1.631e+02  5.828e+00  0.000e+00  2.327e+00  1.607e+02  4.443e+00  1.384e+00  0.000e+00  0.000e+00  3.267e+02  1.209e+03
 1.7650  1.85532e+02  1.568e+01  1.699e+02  1.648e+02  5.075e+00  0.000e+00  2.519e+00  1.623e+02  3.700e+00  1.375e+00  0.000e+00  0.000e+00  3.506e+02 -6.591e+01
 1.7700  1.88478e+02  1.456e+01  1.739e+02  1.673e+02  6.598e+00  0.000e+00  2.797e+00  1.645e+02  5.592e+00  1.007e+00  0.000e+00  0.000e+00  3.256e+02  1.172e+03
 1.7750  1.91601e+02  1.441e+01  1.772e+02  1.706e+02  6.613e+00  0.000e+00  3.210e+00  1.674e+02  4.098e+00  2.515e+00  0.000e+00  0.000e+00  3.223e+02  1.228e+02
 1.7800  1.95821e+02  1.555e+01  1.803e+02  1.738e+02  6.507e+00  0.000e+00  3.663e+00  1.701e+02  5.246e+00  1.261e+00  0.000e+00  0.000e+00  3.479e+02  7.064e+02
 1.7850  1.96711e+02  1.463e+01  1.821e+02  1.774e+02  4.663e+00  0.000e+00  4.259e+00  1.732e+02  3.643e+00  1.020e+00  0.000e+00  0.000e+00  3.272e+02  4.353e+02
 1.7900  2.02482e+02  1.507e+01  1.874e+02  1.802e+02  7.212e+00  0.000e+00  4.713e+00  1.755e+02  3.730e+00  3.482e+00  0.000e+00  0.000e+00  3.370e+02  2.572e+02
 1.7950  2.04996e+02  1.716e+01  1.878e+02  1.836e+02  4.217e+00  9.051e-03  5.372e+00  1.782e+02  2.740e+00  1.477e+00  0.000e+00  0.000e+00  3.839e+02  8.921e+02
 1.8000  1.68834e+02  1.782e+01  1.510e+02  1.479e+02  3.162e+00  0.000e+00  5.887e+00  1.420e+02  2.893e+00  2.696e-01  0.000e+00  0.000e+00  3.985e+02 -1.433e+01
 1.8050  1.73637e+02  1.596e+01  1.577e+02  1.503e+02  6.966e+00  3.979e-01  6.582e+00  1.437e+02  3.600e+00  3.366e+00  0.000e+00  0.000e+00  3.571e+02  1.930e+03
 1.8100  1.74706e+02  1.547e+01  1.592e+02  1.542e+02  5.018e+00  0.000e+00  7.424e+00  1.468e+02  3.520e+00  1.498e+00  0.000e+00  0.000e+00  3.459e+02 -9.580e+01
 1.8150  1.79691e+02  1.449e+01  1.652e+02  1.586e+02  6.581e+00  0.000e+00  8.282e+00  1.503e+02  6.307e+00  2.733e-01  0.000e+00  0.000e+00  3.241e+02  6.160e+02
 1.8200  1.84755e+02  1.205e+01  1.727e+02  1.652e+02  7.506e+00  0.000e+00  9.388e+00  1.558e+02  4.296e+00  3.210e+00  0.000e+00  0.000e+00  2.695e+02 -1.520e+02
 1.8250  1.46784e+02  1.135e+01  1.354e+02  1.260e+02  9.462e+00  0.000e+00  1.019e+01  1.158e+02  8.004e+00  1.458e+00  0.000e+00  0.000e+00  2.538e+02  2.907e+02
 1.8300  1.88149e+02  1.295e+01  1.752e+02  1.711e+02  4.150e+00  0.000e+00  1.163e+01  1.594e+02  3.363e+00  7.866e-01  0.000e+00  0.000e+00  2.896e+02 -7.946e+01
 1.8350  1.52503e+02  1.418e+01  1.383e+02  1.318e+02  6.492e+00  0.000e+00  1.243e+01  1.194e+02  4.747e+00  1.745e+00  0.000e+00  0.000e+00  3.171e+02 -1.358e+02
 1.8400  1.90223e+02  1.460e+01  1.756e+02  1.719e+02  3.765e+00  0.000e+00  1.342e+01  1.584e+02  1.878e+00  1.887e+00  0.000e+00  0.000e+00  3.265e+02  5.069e+01
 1.8450  1.55202e+02  1.608e+01  1.391e+02  1.350e+02  4.071e+00  0.000e+00  1.360e+01  1.214e+02  2.507e+00  1.564e+00  0.000e+00  0.000e+00  3.597e+02 -2.236e+02
 1.8500  1.94239e+02  1.642e+01  1.778e+02  1.732e+02  4.621e+00  0.000e+00  1.347e+01  1.597e+02  3.051e+00  1.570e+00  0.000e+00  0.000e+00  3.672e+02  4.259e+01
 1.8550  1.56153e+02  1.455e+01  1.416e+02  1.369e+02  4.654e+00  0.000e+00  1.290e+01  1.240e+02  3.520e+00  1.135e+00  0.000e+00  0.000e+00  3.255e+02 -1.532e+02
 1.8600  1.56946e+02  1.282e+01  1.441e+02  1.336e+02  1.057e+01  0.000e+00  1.217e+01  1.214e+02  7.822e+00  2.748e+00  0.000e+00  0.000e+00  2.867e+02  1.840e+02
 1.8650  1.90772e+02  1.378e+01  1.770e+02  1.697e+02  7.296e+00  0.000e+00  1.142e+01  1.583e+02  5.329e+00  1.967e+00  0.000e+00  0.000e+00  3.083e+02 -4.229e+01
 1.8700  1.10296e+02  1.356e+01  9.673e+01  8.729e+01  9.446e+00  0.000e+00  1.055e+01  7.673e+01  9.090e+00  3.552e-01  0.000e+00  0.000e+00  3.034e+02  3.379e+02
 1.8750  1.84582e+02  1.289e+01  1.717e+02  1.647e+02  6.604e+00  4.329e-01  1.016e+01  1.545e+02  3.818e+00  2.785e+00  0.000e+00  0.000e+00  2.883e+02  1.098e+03
 1.8800  1.41744e+02  1.551e+01  1.262e+02  1.181e+02  7.641e+00  5.325e-01  9.287e+00  1.088e+02  5.393e+00  2.247e+00  0.000e+00  0.000e+00  3.469e+02  1.453e+03
 1.8850  1.39627e+02  2.010e+01  1.195e+02  1.179e+02  1.644e+00  0.000e+00  8.676e+00  1.092e+02  1.498e+00  1.459e-01  0.000e+00  0.000e+00  4.495e+02  3.104e+02
 1.8900  1.38907e+02  2.046e+01  1.184e+02  1.135e+02  4.916e+00  0.000e+00  7.827e+00  1.057e+02  2.131e+00  2.785e+00  0.000e+00  0.000e+00  4.575e+02  4.710e+02
 1.8950  1.15563e+02  1.893e+01  9.664e+01  9.167e+01  4.963e+00  0.000e+00  7.027e+00  8.465e+01  3.091e+00  1.872e+00  0.000e+00  0.000e+00  4.233e+02  3.468e+02
 1.9000  1.89236e+02  1.737e+01  1.719e+02  1.670e+02  4.813e+00  9.543e-03  6.337e+00  1.607e+02  4.013e+00  8.005e-01  0.000e+00  0.000e+00  3.885e+02  7.741e+02
 1.9050  1.88333e+02  1.528e+01  1.731e+02  1.639e+02  9.126e+00  2.095e-02  5.614e+00  1.583e+02  7.517e+00  1.609e+00  0.000e+00  0.000e+00  3.416e+02  4.611e+02
 1.9100  1.82717e+02  1.277e+01  1.699e+02  1.621e+02  7.645e+00  2.120e-01  5.194e+00  1.569e+02  6.113e+00  1.532e+00  0.000e+00  0.000e+00  2.855e+02  1.348e+03
 1.9150  1.83126e+02  1.406e+01  1.691e+02  1.595e+02  9.607e+00  5.960e-04  4.646e+00  1.548e+02  7.684e+00  1.923e+00  0.000e+00  0.000e+00  3.143e+02  6.308e+02
 1.9200  1.78376e+02  1.484e+01  1.635e+02  1.583e+02  5.238e+00  0.000e+00  4.391e+00  1.539e+02  3.846e+00  1.392e+00  0.000e+00  0.000e+00  3.319e+02  2.146e+02
 1.9250  1.76379e+02  1.412e+01  1.623e+02  1.565e+02  5.789e+00  0.000e+00  4.057e+00  1.524e+02  4.781e+00  1.008e+00  0.000e+00  0.000e+00  3.157e+02  7.767e+02
 1.9300  1.73974e+02  1.421e+01  1.598e+02  1.554e+02  4.335e+00  0.000e+00  3.842e+00  1.516e+02  1.767e+00  2.569e+00  0.000e+00  0.000e+00  3.178e+02 -3.113e+01
 1.9350  1.73683e+02  1.527e+01  1.584e+02  1.544e+02  4.063e+00  0.000e+00  3.675e+00  1.507e+02  2.650e+00  1.412e+00  0.000e+00  0.000e+00  3.415e+02  8.596e+02
 1.9400  1.71351e+02  1.402e+01  1.573e+02  1.534e+02  3.883e+00  0.000e+00  3.533e+00  1.499e+02  3.254e+00  6.291e-01  0.000e+00  0.000e+00  3.136e+02 -7.135e+01
 1.9450  1.71949e+02  1.180e+01  1.602e+02  1.531e+02  7.019e+00  0.000e+00  3.516e+00  1.496e+02  4.220e+00  2.799e+00  0.000e+00  0.000e+00  2.639e+02  8.483e+02
 1.9500  1.72228e+02  1.206e+01  1.602e+02  1.527e+02  7.445e+00  0.000e+00  3.571e+00  1.491e+02  5.837e+00  1.608e+00  0.000e+00  0.000e+00  2.698e+02  5.547e+01
 1.9550  1.70458e+02  1.171e+01  1.587e+02  1.535e+02  5.253e+00  0.000e+00  3.864e+00  1.496e+02  4.965e+00  2.877e-01  0.000e+00  0.000e+00  2.619e+02  5.770e+02
 1.9600  1.73133e+02  1.038e+01  1.628e+02  1.540e+02  8.783e+00  0.000e+00  4.119e+00  1.499e+02  6.079e+00  2.703e+00  0.000e+00  0.000e+00  2.321e+02  3.342e+02
 1.9650  1.73103e+02  1.178e+01  1.613e+02  1.553e+02  5.978e+00  0.000e+00  4.702e+00  1.506e+02  3.509e+00  2.469e+00  0.000e+00  0.000e+00  2.635e+02  1.267e+02
 1.9700  1.35863e+02  1.391e+01  1.219e+02  1.172e+02  4.701e+00  0.000e+00  5.193e+00  1.121e+02  4.552e+00  1.497e-01  0.000e+00  0.000e+00  3.112e+02  7.112e+02
 1.9750  1.38871e+02  1.424e+01  1.246e+02  1.193e+02  5.333e+00  0.000e+00  5.880e+00  1.134e+02  2.927e+00  2.406e+00  0.000e+00  0.000e+00  3.185e+02 -2.568e+02
 1.9800  1.38873e+02  1.453e+01  1.243e+02  1.178e+02  6.590e+00  0.000e+00  6.574e+00  1.112e+02  4.400e+00  2.190e+00  0.000e+00  0.000e+00  3.250e+02  9.807e+02
 1.9850  1.39326e+02  1.625e+01  1.231e+02  1.186e+02  4.426e+00  0.000e+00  7.055e+00  1.116e+02  3.835e+00  5.913e-01  0.000e+00  0.000e+00  3.635e+02 -3.186e+02
 1.9900  1.03858e+02  1.551e+01  8.834e+01  8.161e+01  6.738e+00  0.000e+00  7.644e+00  7.396e+01  4.921e+00  1.818e+00  0.000e+00  0.000e+00  3.470e+02  9.056e+02
 1.9950  1.38670e+02  1.268e+01  1.260e+02  1.194e+02  6.559e+00  0.000e+00  7.805e+00  1.116e+02  4.724e+00  1.835e+00  0.000e+00  0.000e+00  2.835e+02 -2.636e+02
 2.0000  1.40239e+02  1.136e+01  1.289e+02  1.226e+02  6.314e+00  0.000e+00  8.079e+00  1.145e+02  4.581e+00  1.733e+00  0.000e+00  0.000e+00  2.541e+02  4.677e+02
 2.0050  1.37735e+02  1.189e+01  1.258e+02  1.199e+02  5.956e+00  0.000e+00  7.801e+00  1.121e+02  4.603e+00  1.353e+00  0.000e+00  0.000e+00  2.659e+02 -2.899e+01
 2.0100  1.39075e+02  1.074e+01  1.283e+02  1.229e+02  5.388e+00  0.000e+00  7.628e+00  1.153e+02  3.850e+00  1.538e+00  0.000e+00  0.000e+00  2.402e+02  4.042e+00
 2.0150  1.38027e+02  1.153e+01  1.265e+02  1.193e+02  7.155e+00  0.000e+00  6.877e+00  1.125e+02  4.778e+00  2.377e+00  0.000e+00  0.000e+00  2.578e+02  6.115e+02
 2.0200  1.03615e+02  1.403e+01  8.958e+01  8.304e+01  6.541e+00  0.000e+00  6.399e+00  7.664e+01  5.121e+00  1.420e+00  0.000e+00  0.000e+00  3.138e+02 -2.502e+02
 2.0250  1.39748e+02  1.395e+01  1.258e+02  1.192e+02  6.543e+00  5.239e-02  5.945e+00  1.133e+02  5.930e+00  6.132e-01  0.000e+00  0.000e+00  3.119e+02  1.558e+03
 2.0300  1.77399e+02  1.218e+01  1.652e+02  1.569e+02  8.281e+00  0.000e+00  5.470e+00  1.515e+02  5.600e+00  2.681e+00  0.000e+00  0.000e+00  2.724e+02 -4.094e+02
 2.0350  1.76338e+02  1.358e+01  1.628e+02  1.572e+02  4.773e+00  7.558e-01  5.522e+00  1.517e+02  3.405e+00  1.368e+00  0.000e+00  0.000e+00  3.038e+02  2.487e+03
 2.0400  1.75184e+02  1.600e+01  1.592e+02  1.570e+02  2.216e+00  6.541e-03  5.388e+00  1.516e+02  2.104e+00  1.116e-01  0.000e+00  0.000e+00  3.578e+02  6.969e+00
 2.0450  1.39184e+02  1.394e+01  1.252e+02  1.193e+02  5.921e+00  0.000e+00  5.384e+00  1.139e+02  3.049e+00  2.872e+00  0.000e+00  0.000e+00  3.117e+02  4.496e+02
 2.0500  1.37675e+02  1.358e+01  1.241e+02  1.187e+02  5.410e+00  0.000e+00  5.561e+00  1.131e+02  3.807e+00  1.603e+00  0.000e+00  0.000e+00  3.036e+02  4.679e+02
 2.0550  1.35770e+02  1.327e+01  1.225e+02  1.164e+02  6.097e+00  0.000e+00  5.441e+00  1.110e+02  5.810e+00  2.865e-01  0.000e+00  0.000e+00  2.968e+02 -2.081e+01
 2.0600  1.38073e+02  1.010e+01  1.280e+02  1.188e+02  9.193e+00  0.000e+00  5.533e+00  1.132e+02  6.353e+00  2.840e+00  0.000e+00  0.000e+00  2.259e+02  8.619e+02
 2.0650  1.34683e+02  8.577e+00  1.261e+02  1.172e+02  8.875e+00  0.000e+00  5.576e+00  1.117e+02  6.382e+00  2.493e+00  0.000e+00  0.000e+00  1.918e+02 -4.291e+02
 2.0700  1.37507e+02  1.126e+01  1.262e+02  1.197e+02  6.587e+00  0.000e+00  5.472e+00  1.142e+02  5.532e+00  1.055e+00  0.000e+00  0.000e+00  2.518e+02  1.029e+03
 2.0750  1.37344e+02  1.485e+01  1.225e+02  1.172e+02  5.259e+00  0.000e+00  5.192e+00  1.120e+02  3.946e+00  1.313e+00  0.000e+00  0.000e+00  3.322e+02 -3.344e+02
 2.0800  1.40401e+02  1.602e+01  1.244e+02  1.191e+02  5.299e+00  0.000e+00  5.121e+00  1.140e+02  3.270e+00  2.028e+00  0.000e+00  0.000e+00  3.582e+02  1.070e+03
 2.0850  1.40406e+02  1.776e+01  1.226e+02  1.191e+02  3.582e+00  0.000e+00  4.845e+00  1.142e+02  1.689e+00  1.893e+00  0.000e+00  0.000e+00  3.973e+02  1.364e+02
 2.0900  1.77440e+02  1.584e+01  1.616e+02  1.579e+02  3.677e+00  0.000e+00  4.736e+00  1.532e+02  2.986e+00  6.910e-01  0.000e+00  0.000e+00  3.542e+02  5.393e+02
 2.0950  1.74172e+02  1.055e+01  1.636e+02  1.584e+02  5.175e+00  0.000e+00  4.699e+00  1.537e+02  3.777e+00  1.398e+00  0.000e+00  0.000e+00  2.360e+02  3.991e+02
 2.1000  1.74081e+02  7.306e+00  1.668e+02  1.586e+02  8.169e+00  0.000e+00  4.547e+00  1.541e+02  5.998e+00  2.172e+00  0.000e+00  0.000e+00  1.634e+02 -6.496e+01
 2.1050  1.75023e+02  8.842e+00  1.662e+02  1.590e+02  7.225e+00  0.000e+00  4.471e+00  1.545e+02  6.542e+00  6.826e-01  0.000e+00  0.000e+00  1.978e+02  7.822e+02
 2.1100  1.77033e+02  1.108e+01  1.660e+02  1.589e+02  7.072e+00  0.000e+00  4.335e+00  1.545e+02  6.363e+00  7.089e-01  0.000e+00  0.000e+00  2.478e+02 -2.436e+02
 2.1150  1.80467e+02  1.245e+01  1.680e+02  1.596e+02  8.437e+00  0.000e+00  4.406e+00  1.552e+02  5.685e+00  2.752e+00  0.000e+00  0.000e+00  2.784e+02  1.184e+03
 2.1200  1.80899e+02  1.535e+01  1.655e+02  1.605e+02  5.037e+00  0.000e+00  4.653e+00  1.559e+02  3.157e+00  1.880e+00  0.000e+00  0.000e+00  3.433e+02 -2.698e+02
 2.1250  1.82489e+02  1.707e+01  1.654e+02  1.620e+02  3.379e+00  0.000e+00  5.029e+00  1.570e+02  3.242e+00  1.371e-01  0.000e+00  0.000e+00  3.818e+02  1.040e+03
 2.1300  1.44819e+02  1.505e+01  1.298e+02  1.253e+02  4.470e+00  0.000e+00  5.589e+00  1.197e+02  1.501e+00  2.969e+00  0.000e+00  0.000e+00  3.365e+02 -1.493e+02
 2.1350  1.45278e+02  1.283e+01  1.324e+02  1.263e+02  6.166e+00  0.000e+00  6.391e+00  1.199e+02  4.061e+00  2.105e+00  0.000e+00  0.000e+00  2.870e+02  5.287e+02
 2.1400  1.45477e+02  1.240e+01  1.331e+02  1.288e+02  4.257e+00  0.000e+00  7.175e+00  1.216e+02  3.847e+00  4.099e-01  0.000e+00  0.000e+00  2.774e+02  9.835e+01
 2.1450  1.49489e+02  1.124e+01  1.382e+02  1.298e+02  8.411e+00  0.000e+00  8.047e+00  1.218e+02  6.456e+00  1.954e+00  0.000e+00  0.000e+00  2.514e+02  2.289e+01
 2.1500  1.48612e+02  1.080e+01  1.378e+02  1.291e+02  8.741e+00  0.000e+00  8.647e+00  1.204e+02  6.423e+00  2.318e+00  0.000e+00  0.000e+00  2.416e+02  5.354e+02
 2.1550  1.50739e+02  1.275e+01  1.380e+02  1.311e+02  6.874e+00  0.000e+00  8.905e+00  1.222e+02  5.893e+00  9.812e-01  0.000e+00  0.000e+00  2.851e+02 -2.458e+02
 2.1600  1.53049e+02  1.485e+01  1.382e+02  1.319e+02  6.326e+00  0.000e+00  8.982e+00  1.229e+02  4.731e+00  1.595e+00  0.000e+00  0.000e+00  3.322e+02  7.477e+02
 2.1650  1.55103e+02  1.573e+01  1.394e+02  1.352e+02  4.175e+00  0.000e+00  9.030e+00  1.262e+02  2.396e+00  1.780e+00  0.000e+00  0.000e+00  3.519e+02 -3.311e+02
 2.1700  1.58088e+02  1.550e+01  1.426e+02  1.360e+02  6.629e+00  0.000e+00  9.012e+00  1.269e+02  4.356e+00  2.274e+00  0.000e+00  0.000e+00  3.467e+02  8.391e+02
 2.1750  1.59297e+02  1.575e+01  1.435e+02  1.406e+02  2.958e+00  0.000e+00  9.333e+00  1.313e+02  2.233e+00  7.248e-01  0.000e+00  0.000e+00  3.522e+02 -3.779e+02
 2.1800  1.61711e+02  1.283e+01  1.489e+02  1.414e+02  7.458e+00  0.000e+00  9.405e+00  1.320e+02  6.170e+00  1.288e+00  0.000e+00  0.000e+00  2.870e+02  5.323e+02
 2.1850  1.99062e+02  1.122e+01  1.878e+02  1.811e+02  6.787e+00  0.000e+00  9.654e+00  1.714e+02  4.217e+00  2.570e+00  0.000e+00  0.000e+00  2.509e+02 -1.561e+02
 2.1900  2.02782e+02  1.263e+01  1.902e+02  1.806e+02  9.565e+00  0.000e+00  9.464e+00  1.711e+02  7.587e+00  1.979e+00  0.000e+00  0.000e+00  2.824e+02  2.565e+02
 2.1950  2.00244e+02  1.414e+01  1.861e+02  1.806e+02  5.482e+00  0.000e+00  9.460e+00  1.712e+02  4.782e+00  6.998e-01  0.000e+00  0.000e+00  3.164e+02  2.371e+02
 2.2000  1.61235e+02  1.380e+01  1.474e+02  1.392e+02  8.204e+00  0.000e+00  9.176e+00  1.301e+02  5.546e+00  2.658e+00  0.000e+00  0.000e+00  3.087e+02  5.951e+01
 2.2050  1.59982e+02  1.544e+01  1.445e+02  1.393e+02  5.272e+00  0.000e+00  9.033e+00  1.302e+02  3.560e+00  1.712e+00  0.000e+00  0.000e+00  3.453e+02  5.152e+02
 2.2100  1.57524e+02  1.615e+01  1.414e+02  1.383e+02  3.100e+00  0.000e+00  9.031e+00  1.292e+02  2.898e+00  2.025e-01  0.000e+00  0.000e+00  3.613e+02 -1.014e+02
 2.2150  1.58705e+02  1.250e+01  1.462e+02  1.399e+02  6.316e+00  0.000e+00  9.126e+00  1.308e+02  4.262e+00  2.053e+00  0.000e+00  0.000e+00  2.795e+02  4.624e+02
 2.2200  1.94730e+02  8.986e+00  1.857e+02  1.795e+02  6.202e+00  0.000e+00  9.150e+00  1.704e+02  3.257e+00  2.946e+00  0.000e+00  0.000e+00  2.010e+02 -3.466e+02
 2.2250  1.58205e+02  1.008e+01  1.481e+02  1.404e+02  7.731e+00  0.000e+00  9.094e+00  1.313e+02  7.165e+00  5.659e-01  0.000e+00  0.000e+00  2.254e+02  4.153e+02
 2.2300  1.58572e+02  1.221e+01  1.464e+02  1.402e+02  6.201e+00  0.000e+00  9.296e+00  1.309e+02  4.551e+00  1.650e+00  0.000e+00  0.000e+00  2.731e+02 -2.054e+02
 2.2350  1.60317e+02  1.230e+01  1.480e+02  1.375e+02  1.052e+01  0.000e+00  9.150e+00  1.283e+02  8.163e+00  2.355e+00  0.000e+00  0.000e+00  2.751e+02  5.204e+02
 2.2400  1.57573e+02  1.360e+01  1.440e+02  1.391e+02  4.880e+00  0.000e+00  9.608e+00  1.295e+02  3.036e+00  1.844e+00  0.000e+00  0.000e+00  3.043e+02 -3.251e+01
 2.2450  1.19714e+02  1.484e+01  1.049e+02  9.943e+01  5.443e+00  0.000e+00  9.703e+00  8.973e+01  4.549e+00  8.941e-01  0.000e+00  0.000e+00  3.320e+02  1.840e+02
 2.2500  1.55612e+02  1.423e+01  1.414e+02  1.372e+02  4.199e+00  0.000e+00  9.765e+00  1.274e+02  2.540e+00  1.659e+00  0.000e+00  0.000e+00  3.182e+02  7.501e+01
 2.2550  1.55475e+02  1.474e+01  1.407e+02  1.347e+02  6.065e+00  0.000e+00  9.551e+00  1.251e+02  3.376e+00  2.689e+00  0.000e+00  0.000e+00  3.297e+02  1.371e+02
 2.2600  1.54323e+02  1.622e+01  1.381e+02  1.320e+02  6.125e+00  0.000e+00  8.957e+00  1.230e+02  4.800e+00  1.324e+00  0.000e+00  0.000e+00  3.627e+02  3.192e+02
 2.2650  1.50701e+02  1.354e+01  1.372e+02  1.316e+02  5.570e+00  0.000e+00  8.357e+00  1.232e+02  4.763e+00  8.065e-01  0.000e+00  0.000e+00  3.029e+02  4.153e+01
 2.2700  1.48666e+02  9.285e+00  1.394e+02  1.302e+02  9.188e+00  0.000e+00  7.237e+00  1.230e+02  6.572e+00  2.616e+00  0.000e+00  0.000e+00  2.077e+02  3.879e+02
 2.2750  1.83563e+02  1.076e+01  1.728e+02  1.661e+02  6.686e+00  0.000e+00  6.682e+00  1.594e+02  4.920e+00  1.766e+00  0.000e+00  0.000e+00  2.406e+02 -6.329e+01
 2.2800  1.44908e+02  1.488e+01  1.300e+02  1.241e+02  5.965e+00  0.000e+00  5.847e+00  1.182e+02  5.708e+00  2.576e-01  0.000e+00  0.000e+00  3.328e+02  6.509e+02
 2.2850  1.82860e+02  1.664e+01  1.662e+02  1.604e+02  5.784e+00  0.000e+00  5.455e+00  1.550e+02  2.530e+00  3.254e+00  0.000e+00  0.000e+00  3.722e+02  1.933e+02
 2.2900  2.01076e+02  1.662e+01  1.845e+02  1.785e+02  5.951e+00  0.000e+00  5.395e+00  1.731e+02  3.591e+00  2.360e+00  0.000e+00  0.000e+00  3.717e+02  7.133e+02
 2.2950  1.96568e+02  1.615e+01  1.804e+02  1.771e+02  3.328e+00  0.000e+00  5.235e+00  1.719e+02  2.562e+00  7.664e-01  0.000e+00  0.000e+00  3.612e+02  1.745e+02
 2.3000  1.93843e+02  1.288e+01  1.810e+02  1.757e+02  5.262e+00  0.000e+00  5.047e+00  1.706e+02  3.643e+00  1.619e+00  0.000e+00  0.000e+00  2.882e+02  4.153e+02
 2.3050  1.70517e+02  9.596e+00  1.609e+02  1.536e+02  7.284e+00  0.000e+00  4.502e+00  1.491e+02  5.137e+00  2.147e+00  0.000e+00  0.000e+00  2.146e+02  2.312e+02
 2.3100  1.69237e+02  1.091e+01  1.583e+02  1.508e+02  7.482e+00  0.000e+00  3.845e+00  1.470e+02  5.290e+00  2.192e+00  0.000e+00  0.000e+00  2.441e+02  3.867e+02
 2.3150  1.68170e+02  1.283e+01  1.553e+02  1.478e+02  7.513e+00  0.000e+00  3.262e+00  1.446e+02  6.106e+00  1.407e+00  0.000e+00  0.000e+00  2.870e+02  5.309e+02
 2.3200  1.64584e+02  1.283e+01  1.518e+02  1.458e+02  5.921e+00  0.000e+00  2.898e+00  1.429e+02  4.329e+00  1.592e+00  0.000e+00  0.000e+00  2.870e+02  3.771e+02
 2.3250  1.63569e+02  1.324e+01  1.503e+02  1.437e+02  6.674e+00  0.000e+00  2.581e+00  1.411e+02  4.354e+00  2.320e+00  0.000e+00  0.000e+00  2.962e+02  7.371e+02
 2.3300  1.62036e+02  1.578e+01  1.463e+02  1.429e+02  3.345e+00  0.000e+00  2.512e+00  1.404e+02  2.417e+00  9.275e-01  0.000e+00  0.000e+00  3.529e+02  3.018e+02
 2.3350  1.61884e+02  1.505e+01  1.468e+02  1.425e+02  4.304e+00  0.000e+00  2.507e+00  1.400e+02  3.092e+00  1.213e+00  0.000e+00  0.000e+00  3.366e+02  7.944e+02
 2.3400  1.60176e+02  1.196e+01  1.482e+02  1.421e+02  6.128e+00  0.000e+00  2.564e+00  1.395e+02  3.246e+00  2.883e+00  0.000e+00  0.000e+00  2.676e+02  2.969e+02
 2.3450  1.59962e+02  1.105e+01  1.489e+02  1.431e+02  5.803e+00  0.000e+00  2.806e+00  1.403e+02  4.568e+00  1.235e+00  0.000e+00  0.000e+00  2.472e+02  6.187e+02
 2.3500  1.58302e+02  9.054e+00  1.492e+02  1.432e+02  6.029e+00  0.000e+00  2.961e+00  1.403e+02  5.587e+00  4.424e-01  0.000e+00  0.000e+00  2.025e+02  2.152e+02
 2.3550  1.59788e+02  7.441e+00  1.523e+02  1.444e+02  7.908e+00  0.000e+00  3.289e+00  1.411e+02  5.736e+00  2.172e+00  0.000e+00  0.000e+00  1.664e+02  4.664e+02
 2.3600  1.61259e+02  9.102e+00  1.522e+02  1.450e+02  7.179e+00  0.000e+00  3.461e+00  1.415e+02  5.120e+00  2.060e+00  0.000e+00  0.000e+00  2.036e+02  3.322e+02
 2.3650  1.24523e+02  1.187e+01  1.126e+02  1.082e+02  4.412e+00  0.000e+00  3.801e+00  1.044e+02  4.176e+00  2.359e-01  0.000e+00  0.000e+00  2.656e+02  3.674e+02
 2.3700  1.25326e+02  1.109e+01  1.142e+02  1.091e+02  5.119e+00  0.000e+00  4.122e+00  1.050e+02  3.514e+00  1.605e+00  0.000e+00  0.000e+00  2.481e+02  4.017e+02
 2.3750  1.27953e+02  1.026e+01  1.177e+02  1.122e+02  5.518e+00  0.000e+00  4.672e+00  1.075e+02  2.877e+00  2.641e+00  0.000e+00  0.000e+00  2.294e+02  1.320e+02
 2.3800  1.10777e+02  1.167e+01  9.911e+01  9.486e+01  4.254e+00  0.000e+00  5.441e+00  8.942e+01  3.702e+00  5.513e-01  0.000e+00  0.000e+00  2.609e+02  4.236e+02
 2.3850  1.17243e+02  1.117e+01  1.061e+02  1.006e+02  5.462e+00  0.000e+00  6.351e+00  9.426e+01  4.290e+00  1.172e+00  0.000e+00  0.000e+00  2.499e+02 -4.466e+01
 2.3900  8.32045e+01  9.489e+00  7.372e+01  6.563e+01  8.089e+00  0.000e+00  7.698e+00  5.793e+01  5.208e+00  2.880e+00  0.000e+00  0.000e+00  2.122e+02  3.776e+02
 2.3950  8.76948e+01  1.066e+01  7.703e+01  6.996e+01  7.074e+00  0.000e+00  8.725e+00  6.123e+01  5.841e+00  1.233e+00  0.000e+00  0.000e+00  2.385e+02 -8.143e+01
 2.4000  9.20184e+01  1.421e+01  7.781e+01  7.142e+01  6.386e+00  0.000e+00  1.003e+01  6.139e+01  5.591e+00  7.953e-01  0.000e+00  0.000e+00  3.178e+02  2.768e+02
 2.4050  9.73000e+01  1.532e+01  8.198e+01  7.501e+01  6.966e+00  0.000e+00  1.078e+01  6.423e+01  5.006e+00  1.961e+00  0.000e+00  0.000e+00  3.427e+02  9.703e+01
 2.4100  5.77024e+01  1.646e+01  4.124e+01  3.444e+01  6.798e+00  0.000e+00  1.149e+01  2.295e+01  4.537e+00  2.261e+00  0.000e+00  0.000e+00  3.681e+02  2.943e+02
 2.4150  2.04166e+01  1.623e+01  4.183e+00 -5.445e-01  4.727e+00  0.000e+00  1.236e+01 -1.291e+01  3.027e+00  1.700e+00  0.000e+00  0.000e+00  3.631e+02  1.815e+01
 2.4200  1.85377e+01  1.372e+01  4.822e+00 -1.048e+00  5.870e+00  0.000e+00  1.306e+01 -1.411e+01  4.984e+00  8.864e-01  0.000e+00  0.000e+00  3.067e+02 -3.858e+01
 2.4250  2.10979e+01  1.248e+01  8.622e+00  1.851e+00  6.771e+00  0.000e+00  1.396e+01 -1.211e+01  4.215e+00  2.556e+00  0.000e+00  0.000e+00  2.790e+02 -2.871e+01
 2.4300  5.88971e+01  1.460e+01  4.430e+01  3.509e+01  9.214e+00  0.000e+00  1.400e+01  2.108e+01  7.178e+00  2.036e+00  0.000e+00  0.000e+00  3.265e+02  6.488e-01
 2.4350  2.37025e+01  1.580e+01  7.903e+00  2.180e+00  5.723e+00  0.000e+00  1.402e+01 -1.184e+01  5.190e+00  5.325e-01  0.000e+00  0.000e+00  3.534e+02  6.754e+01
 2.4400  5.77255e+01  1.301e+01  4.471e+01  3.569e+01  9.021e+00  0.000e+00  1.273e+01  2.296e+01  6.516e+00  2.504e+00  0.000e+00  0.000e+00  2.910e+02  4.530e+01
 2.4450  9.68319e+01  1.317e+01  8.367e+01  7.772e+01  5.949e+00  0.000e+00  1.163e+01  6.608e+01  4.290e+00  1.658e+00  0.000e+00  0.000e+00  2.945e+02  4.630e+00
 2.4500  9.18465e+01  1.598e+01  7.587e+01  7.118e+01  4.687e+00  0.000e+00  9.713e+00  6.147e+01  3.975e+00  7.123e-01  0.000e+00  0.000e+00  3.573e+02  2.489e+02
 2.4550  1.30071e+02  1.732e+01  1.127e+02  1.069e+02  5.820e+00  0.000e+00  8.205e+00  9.872e+01  3.604e+00  2.216e+00  0.000e+00  0.000e+00  3.874e+02  3.032e+02
 2.4600  1.24111e+02  1.592e+01  1.082e+02  1.031e+02  5.122e+00  0.000e+00  6.934e+00  9.614e+01  2.971e+00  2.151e+00  0.000e+00  0.000e+00  3.560e+02  4.134e+02
 2.4650  1.22267e+02  1.553e+01  1.067e+02  9.985e+01  6.885e+00  0.000e+00  5.668e+00  9.418e+01  5.307e+00  1.578e+00  0.000e+00  0.000e+00  3.474e+02  4.566e+02
 2.4700  1.54645e+02  1.476e+01  1.399e+02  1.344e+02  5.481e+00  0.000e+00  4.831e+00  1.296e+02  4.413e+00  1.069e+00  0.000e+00  0.000e+00  3.300e+02  3.641e+02
 2.4750  1.51235e+02  1.197e+01  1.393e+02  1.303e+02  8.976e+00  0.000e+00  3.956e+00  1.263e+02  6.823e+00  2.154e+00  0.000e+00  0.000e+00  2.678e+02  5.543e+02
 2.4800  1.45700e+02  1.187e+01  1.338e+02  1.275e+02  6.373e+00  0.000e+00  3.415e+00  1.240e+02  4.521e+00  1.852e+00  0.000e+00  0.000e+00  2.655e+02  3.343e+02
 2.4850  1.43223e+02  1.288e+01  1.303e+02  1.242e+02  6.134e+00  0.000e+00  2.912e+00  1.213e+02  4.781e+00  1.353e+00  0.000e+00  0.000e+00  2.880e+02  5.714e+02
 2.4900  1.39015e+02  1.224e+01  1.268e+02  1.223e+02  4.513e+00  0.000e+00  2.659e+00  1.196e+02  3.016e+00  1.497e+00  0.000e+00  0.000e+00  2.739e+02  2.739e+02
 2.4950  1.36936e+02  1.094e+01  1.260e+02  1.210e+02  4.982e+00  0.000e+00  2.541e+00  1.185e+02  2.739e+00  2.243e+00  0.000e+00  0.000e+00  2.446e+02  5.517e+02
 2.5000  1.37662e+02  1.299e+01  1.247e+02  1.201e+02  4.526e+00  0.000e+00  2.515e+00  1.176e+02  2.975e+00  1.551e+00  0.000e+00  0.000e+00  2.906e+02  3.167e+02
 2.5050  1.36760e+02  1.264e+01  1.241e+02  1.203e+02  3.798e+00  0.000e+00  2.660e+00  1.177e+02  2.822e+00  9.765e-01  0.000e+00  0.000e+00  2.827e+02  5.114e+02
 2.5100  1.38209e+02  9.706e+00  1.285e+02  1.210e+02  7.488e+00  0.000e+00  2.894e+00  1.181e+02  5.305e+00  2.183e+00  0.000e+00  0.000e+00  2.171e+02  4.471e+02
 2.5150  1.37512e+02  8.492e+00  1.290e+02  1.220e+02  7.019e+00  0.000e+00  3.193e+00  1.188e+02  4.599e+00  2.420e+00  0.000e+00  0.000e+00  1.899e+02  2.667e+02
 2.5200  1.38653e+02  8.997e+00  1.297e+02  1.228e+02  6.905e+00  0.000e+00  3.459e+00  1.193e+02  6.505e+00  4.008e-01  0.000e+00  0.000e+00  2.012e+02  5.177e+02
 2.5250  1.37609e+02  8.162e+00  1.294e+02  1.238e+02  5.649e+00  0.000e+00  3.713e+00  1.201e+02  4.328e+00  1.321e+00  0.000e+00  0.000e+00  1.825e+02  2.584e+01
 2.5300  1.40164e+02  9.122e+00  1.310e+02  1.241e+02  6.939e+00  0.000e+00  3.853e+00  1.203e+02  4.508e+00  2.430e+00  0.000e+00  0.000e+00  2.040e+02  6.318e+02
 2.5350  1.02060e+02  1.251e+01  8.955e+01  8.588e+01  3.669e+00  0.000e+00  3.902e+00  8.198e+01  3.018e+00  6.512e-01  0.000e+00  0.000e+00  2.798e+02  3.869e+01
 2.5400  1.41388e+02  1.253e+01  1.289e+02  1.251e+02  3.743e+00  0.000e+00  4.003e+00  1.211e+02  2.345e+00  1.398e+00  0.000e+00  0.000e+00  2.803e+02  6.513e+02
 2.5450  1.04010e+02  1.043e+01  9.358e+01  8.720e+01  6.374e+00  0.000e+00  4.037e+00  8.317e+01  3.979e+00  2.395e+00  0.000e+00  0.000e+00  2.333e+02  9.913e+01
 2.5500  1.62544e+02  1.065e+01  1.519e+02  1.470e+02  4.927e+00  0.000e+00  4.356e+00  1.426e+02  3.361e+00  1.567e+00  0.000e+00  0.000e+00  2.383e+02  4.838e+02
 2.5550  1.27234e+02  1.117e+01  1.161e+02  1.084e+02  7.684e+00  0.000e+00  4.577e+00  1.038e+02  6.394e+00  1.290e+00  0.000e+00  0.000e+00  2.499e+02  2.949e+02
 2.5600  1.68723e+02  9.742e+00  1.590e+02  1.526e+02  6.393e+00  0.000e+00  5.409e+00  1.472e+02  4.429e+00  1.964e+00  0.000e+00  0.000e+00  2.179e+02  1.783e+02
 2.5650  1.32596e+02  1.042e+01  1.222e+02  1.121e+02  1.007e+01  0.000e+00  5.780e+00  1.063e+02  7.339e+00  2.734e+00  0.000e+00  0.000e+00  2.331e+02  6.135e+02
 2.5700  1.36849e+02  1.273e+01  1.241e+02  1.201e+02  4.052e+00  0.000e+00  6.792e+00  1.133e+02  3.419e+00  6.330e-01  0.000e+00  0.000e+00  2.846e+02 -2.088e+02
 2.5750  1.36378e+02  1.227e+01  1.241e+02  1.176e+02  6.462e+00  0.000e+00  7.408e+00  1.102e+02  5.430e+00  1.032e+00  0.000e+00  0.000e+00  2.744e+02  7.063e+02
 2.5800  1.41942e+02  1.273e+01  1.292e+02  1.233e+02  5.904e+00  0.000e+00  7.812e+00  1.155e+02  2.810e+00  3.094e+00  0.000e+00  0.000e+00  2.847e+02 -3.678e+02
 2.5850  1.44729e+02  1.618e+01  1.285e+02  1.245e+02  4.048e+00  0.000e+00  8.431e+00  1.161e+02  3.204e+00  8.444e-01  0.000e+00  0.000e+00  3.619e+02  8.094e+02
 2.5900  1.09499e+02  1.697e+01  9.253e+01  8.777e+01  4.765e+00  0.000e+00  8.452e+00  7.931e+01  4.434e+00  3.305e-01  0.000e+00  0.000e+00  3.795e+02 -2.523e+02
 2.5950  1.12160e+02  1.364e+01  9.852e+01  9.180e+01  6.714e+00  0.000e+00  8.848e+00  8.296e+01  4.006e+00  2.708e+00  0.000e+00  0.000e+00  3.051e+02  6.595e+02
 2.6000  1.10879e+02  1.339e+01  9.749e+01  8.906e+01  8.438e+00  0.000e+00  9.072e+00  7.998e+01  5.939e+00  2.499e+00  0.000e+00  0.000e+00  2.994e+02 -2.800e+01
 2.6050  1.53597e+02  1.406e+01  1.395e+02  1.350e+02  4.510e+00  0.000e+00  9.777e+00  1.253e+02  4.100e+00  4.097e-01  0.000e+00  0.000e+00  3.144e+02  1.441e+02
 2.6100  1.17526e+02  1.282e+01  1.047e+02  9.668e+01  8.022e+00  0.000e+00  1.024e+01  8.644e+01  6.316e+00  1.706e+00  0.000e+00  0.000e+00  2.867e+02  3.711e+02
 2.6150  1.18657e+02  1.248e+01  1.062e+02  9.867e+01  7.511e+00  0.000e+00  1.095e+01  8.772e+01  4.056e+00  3.455e+00  0.000e+00  0.000e+00  2.791e+02 -3.640e+02
 2.6200  1.21027e+02  1.473e+01  1.063e+02  1.005e+02  5.798e+00  0.000e+00  1.142e+01  8.908e+01  5.478e+00  3.193e-01  0.000e+00  0.000e+00  3.294e+02  7.247e+02
 2.6250  1.57630e+02  1.641e+01  1.412e+02  1.365e+02  4.736e+00  0.000e+00  1.152e+01  1.250e+02  3.782e+00  9.540e-01  0.000e+00  0.000e+00  3.670e+02 -6.875e+02
 2.6300  1.57795e+02  1.538e+01  1.424e+02  1.346e+02  7.802e+00  0.000e+00  1.110e+01  1.235e+02  4.775e+00  3.027e+00  0.000e+00  0.000e+00  3.440e+02  9.967e+02
 2.6350  1.55845e+02  1.664e+01  1.392e+02  1.340e+02  5.220e+00  0.000e+00  1.060e+01  1.234e+02  3.959e+00  1.261e+00  0.000e+00  0.000e+00  3.721e+02 -5.750e+02
 2.6400  1.54906e+02  1.670e+01  1.382e+02  1.332e+02  5.053e+00  0.000e+00  9.462e+00  1.237e+02  4.152e+00  9.010e-01  0.000e+00  0.000e+00  3.734e+02  7.790e+02
 2.6450  1.53049e+02  1.436e+01  1.387e+02  1.316e+02  7.053e+00  0.000e+00  7.843e+00  1.238e+02  5.035e+00  2.018e+00  0.000e+00  0.000e+00  3.212e+02 -1.394e+02
 2.6500  1.49555e+02  1.409e+01  1.355e+02  1.285e+02  6.929e+00  0.000e+00  6.931e+00  1.216e+02  4.618e+00  2.311e+00  0.000e+00  0.000e+00  3.150e+02  4.767e+02
 2.6550  1.88562e+02  1.697e+01  1.716e+02  1.657e+02  5.902e+00  0.000e+00  6.045e+00  1.596e+02  4.902e+00  9.994e-01  0.000e+00  0.000e+00  3.796e+02  5.003e+02
 2.6600  1.85716e+02  1.704e+01  1.687e+02  1.642e+02  4.514e+00  0.000e+00  5.771e+00  1.584e+02  3.415e+00  1.099e+00  0.000e+00  0.000e+00  3.812e+02  3.933e+01
 2.6650  1.47289e+02  1.499e+01  1.323e+02  1.241e+02  8.192e+00  0.000e+00  5.891e+00  1.182e+02  5.342e+00  2.850e+00  0.000e+00  0.000e+00  3.353e+02  1.068e+03
 2.6700  1.82799e+02  1.522e+01  1.676e+02  1.626e+02  4.956e+00  0.000e+00  6.133e+00  1.565e+02  3.095e+00  1.861e+00  0.000e+00  0.000e+00  3.404e+02 -5.067e+02
 2.6750  1.81856e+02  1.390e+01  1.680e+02  1.624e+02  5.533e+00  0.000e+00  6.519e+00  1.559e+02  5.093e+00  4.398e-01  0.000e+00  0.000e+00  3.109e+02  1.151e+03
 2.6800  1.80399e+02  1.234e+01  1.681e+02  1.616e+02  6.492e+00  0.000e+00  6.824e+00  1.547e+02  3.529e+00  2.963e+00  0.000e+00  0.000e+00  2.761e+02 -6.800e+02
 2.6850  1.44055e+02  1.232e+01  1.317e+02  1.229e+02  8.811e+00  0.000e+00  7.065e+00  1.159e+02  5.071e+00  3.740e+00  0.000e+00  0.000e+00  2.756e+02  1.061e+03
 2.6900  1.78231e+02  1.398e+01  1.643e+02  1.600e+02  4.210e+00  0.000e+00  7.201e+00  1.528e+02  4.061e+00  1.494e-01  0.000e+00  0.000e+00  3.126e+02 -4.132e+02
 2.6950  1.77408e+02  1.151e+01  1.659e+02  1.596e+02  6.267e+00  0.000e+00  7.350e+00  1.523e+02  4.266e+00  2.001e+00  0.000e+00  0.000e+00  2.575e+02  5.077e+02
 2.7000  1.37492e+02  1.175e+01  1.257e+02  1.187e+02  7.060e+00  0.000e+00  7.320e+00  1.114e+02  4.174e+00  2.886e+00  0.000e+00  0.000e+00  2.628e+02  1.473e+02
 2.7050  9.94701e+01  1.551e+01  8.396e+01  8.026e+01  3.706e+00  0.000e+00  7.357e+00  7.290e+01  3.361e+00  3.445e-01  0.000e+00  0.000e+00  3.468e+02  1.493e+01
 2.7100  9.98354e+01  1.515e+01  8.468e+01  7.808e+01  6.598e+00  0.000e+00  7.378e+00  7.071e+01  4.883e+00  1.715e+00  0.000e+00  0.000e+00  3.389e+02  8.620e+02
 2.7150  1.34917e+02  1.163e+01  1.233e+02  1.171e+02  6.141e+00  0.000e+00  7.317e+00  1.098e+02  3.543e+00  2.598e+00  0.000e+00  0.000e+00  2.601e+02 -5.902e+02
 2.7200  1.34469e+02  1.049e+01  1.240e+02  1.173e+02  6.725e+00  0.000e+00  7.262e+00  1.100e+02  5.566e+00  1.159e+00  0.000e+00  0.000e+00  2.345e+02  1.115e+03
 2.7250  1.32267e+02  1.131e+01  1.210e+02  1.163e+02  4.693e+00  0.000e+00  6.993e+00  1.093e+02  4.062e+00  6.310e-01  0.000e+00  0.000e+00  2.529e+02 -8.652e+02
 2.7300  7.49899e+01  1.042e+01  6.457e+01  5.670e+01  7.870e+00  0.000e+00  6.968e+00  4.973e+01  5.862e+00  2.009e+00  0.000e+00  0.000e+00  2.330e+02  1.179e+03
 2.7350  7.28125e+01  1.130e+01  6.152e+01  5.564e+01  5.873e+00  0.000e+00  6.819e+00  4.882e+01  3.448e+00  2.424e+00  0.000e+00  0.000e+00  2.526e+02 -5.346e+02
 2.7400  7.29918e+01  1.249e+01  6.050e+01  5.492e+01  5.580e+00  0.000e+00  7.088e+00  4.783e+01  4.622e+00  9.584e-01  0.000e+00  0.000e+00  2.794e+02  7.574e+02
 2.7450  1.07010e+02  1.156e+01  9.545e+01  9.101e+01  4.447e+00  0.000e+00  7.351e+00  8.366e+01  3.170e+00  1.276e+00  0.000e+00  0.000e+00  2.584e+02 -1.299e+02
 2.7500  1.09388e+02  1.076e+01  9.863e+01  9.210e+01  6.531e+00  0.000e+00  7.467e+00  8.463e+01  4.053e+00  2.478e+00  0.000e+00  0.000e+00  2.405e+02  1.855e+02
 2.7550  1.07118e+02  1.269e+01  9.443e+01  8.873e+01  5.697e+00  0.000e+00  7.600e+00  8.113e+01  4.010e+00  1.687e+00  0.000e+00  0.000e+00  2.838e+02  4.945e+02
 2.7600  1.06181e+02  1.282e+01  9.336e+01  8.873e+01  4.633e+00  0.000e+00  7.051e+00  8.168e+01  4.180e+00  4.527e-01  0.000e+00  0.000e+00  2.867e+02 -3.526e+02
 2.7650  1.05387e+02  9.901e+00  9.549e+01  8.785e+01  7.640e+00  0.000e+00  6.335e+00  8.151e+01  5.423e+00  2.217e+00  0.000e+00  0.000e+00  2.214e+02  1.030e+03
 2.7700  1.03338e+02  1.029e+01  9.305e+01  8.617e+01  6.885e+00  0.000e+00  5.335e+00  8.083e+01  4.257e+00  2.628e+00  0.000e+00  0.000e+00  2.300e+02 -6.889e+02
 2.7750  1.02911e+02  1.159e+01  9.133e+01  8.558e+01  5.741e+00  0.000e+00  4.514e+00  8.107e+01  5.607e+00  1.340e-01  0.000e+00  0.000e+00  2.591e+02  1.279e+03
 2.7800  1.38336e+02  1.103e+01  1.273e+02  1.217e+02  5.592e+00  0.000e+00  3.639e+00  1.181e+02  3.214e+00  2.378e+00  0.000e+00  0.000e+00  2.466e+02 -5.704e+02
 2.7850  1.38165e+02  1.028e+01  1.279e+02  1.196e+02  8.278e+00  0.000e+00  3.125e+00  1.165e+02  4.834e+00  3.444e+00  0.000e+00  0.000e+00  2.299e+02  1.129e+03
 2.7900  1.32755e+02  1.158e+01  1.212e+02  1.181e+02  3.025e+00  0.000e+00  2.706e+00  1.154e+02  2.605e+00  4.203e-01  0.000e+00  0.000e+00  2.590e+02 -1.756e+02
 2.7950  1.33505e+02  1.119e+01  1.223e+02  1.167e+02  5.622e+00  0.000e+00  2.349e+00  1.143e+02  4.145e+00  1.476e+00  0.000e+00  0.000e+00  2.503e+02  5.832e+02
 2.8000  1.33051e+02  1.034e+01  1.227e+02  1.163e+02  6.451e+00  0.000e+00  2.205e+00  1.141e+02  3.050e+00  3.402e+00  0.000e+00  0.000e+00  2.313e+02  4.855e+02
 2.8050  1.33251e+02  1.238e+01  1.209e+02  1.158e+02  5.080e+00  0.000e+00  2.041e+00  1.138e+02  4.073e+00  1.006e+00  0.000e+00  0.000e+00  2.769e+02  1.200e+02
 2.8100  1.35173e+02  1.350e+01  1.217e+02  1.161e+02  5.608e+00  0.000e+00  2.004e+00  1.141e+02  4.239e+00  1.369e+00  0.000e+00  0.000e+00  3.019e+02  1.081e+03
 2.8150  1.33837e+02  1.157e+01  1.223e+02  1.163e+02  6.001e+00  0.000e+00  1.968e+00  1.143e+02  3.969e+00  2.032e+00  0.000e+00  0.000e+00  2.587e+02 -2.766e+02
 2.8200  1.35499e+02  1.106e+01  1.244e+02  1.169e+02  7.505e+00  0.000e+00  2.009e+00  1.149e+02  5.930e+00  1.575e+00  0.000e+00  0.000e+00  2.473e+02  1.356e+03
 2.8250  1.34124e+02  1.287e+01  1.213e+02  1.177e+02  3.569e+00  0.000e+00  2.074e+00  1.156e+02  2.886e+00  6.821e-01  0.000e+00  0.000e+00  2.879e+02 -4.208e+02
 2.8300  1.37877e+02  1.193e+01  1.259e+02  1.185e+02  7.485e+00  0.000e+00  2.164e+00  1.163e+02  5.967e+00  1.518e+00  0.000e+00  0.000e+00  2.668e+02  1.282e+03
 2.8350  1.36180e+02  1.143e+01  1.248e+02  1.200e+02  4.710e+00  0.000e+00  2.445e+00  1.176e+02  2.005e+00  2.706e+00  0.000e+00  0.000e+00  2.556e+02 -1.690e+02
 2.8400  1.41552e+02  1.344e+01  1.281e+02  1.210e+02  7.130e+00  0.000e+00  2.591e+00  1.184e+02  5.478e+00  1.652e+00  0.000e+00  0.000e+00  3.005e+02  9.310e+02
 2.8450  1.39892e+02  1.349e+01  1.264e+02  1.231e+02  3.321e+00  0.000e+00  3.038e+00  1.200e+02  2.577e+00  7.438e-01  0.000e+00  0.000e+00  3.016e+02  2.137e+02
 2.8500  1.43086e+02  1.108e+01  1.320e+02  1.250e+02  6.986e+00  0.000e+00  3.506e+00  1.215e+02  4.607e+00  2.378e+00  0.000e+00  0.000e+00  2.477e+02  3.921e+02
 2.8550  1.07458e+02  1.098e+01  9.648e+01  8.990e+01  6.583e+00  0.000e+00  4.180e+00  8.572e+01  3.891e+00  2.692e+00  0.000e+00  0.000e+00  2.455e+02  5.521e+02
 2.8600  1.07504e+02  1.233e+01  9.517e+01  9.181e+01  3.367e+00  0.000e+00  5.165e+00  8.664e+01  3.186e+00  1.808e-01  0.000e+00  0.000e+00  2.757e+02 -1.739e+02
 2.8650  1.11838e+02  1.168e+01  1.002e+02  9.252e+01  7.636e+00  0.000e+00  6.435e+00  8.608e+01  5.524e+00  2.111e+00  0.000e+00  0.000e+00  2.613e+02  8.531e+02
 2.8700  1.16017e+02  1.179e+01  1.042e+02  9.860e+01  5.622e+00  0.000e+00  7.641e+00  9.096e+01  2.102e+00  3.519e+00  0.000e+00  0.000e+00  2.637e+02 -5.103e+02
 2.8750  1.17127e+02  1.217e+01  1.050e+02  9.836e+01  6.591e+00  0.000e+00  8.748e+00  8.961e+01  6.441e+00  1.491e-01  0.000e+00  0.000e+00  2.723e+02  8.404e+02
 2.8800  1.19455e+02  1.089e+01  1.086e+02  1.048e+02  3.724e+00  0.000e+00  9.637e+00  9.520e+01  1.929e+00  1.795e+00  0.000e+00  0.000e+00  2.437e+02 -7.697e+02
 2.8850  1.21180e+02  1.012e+01  1.111e+02  1.002e+02  1.082e+01  0.000e+00  8.787e+00  9.145e+01  7.638e+00  3.181e+00  0.000e+00  0.000e+00  2.264e+02  8.022e+02
 2.8900  1.22300e+02  1.375e+01  1.086e+02  1.053e+02  3.257e+00  0.000e+00  8.710e+00  9.659e+01  2.487e+00  7.700e-01  0.000e+00  0.000e+00  3.074e+02 -4.102e+02
 2.8950  1.26826e+02  1.486e+01  1.120e+02  1.040e+02  7.979e+00  0.000e+00  8.030e+00  9.596e+01  6.663e+00  1.316e+00  0.000e+00  0.000e+00  3.323e+02  6.808e+02
 2.9000  1.27574e+02  1.418e+01  1.134e+02  1.079e+02  5.476e+00  0.000e+00  8.012e+00  9.990e+01  3.167e+00  2.310e+00  0.000e+00  0.000e+00  3.172e+02 -9.731e+00
 2.9050  1.26140e+02  1.385e+01  1.123e+02  1.068e+02  5.523e+00  0.000e+00  8.493e+00  9.828e+01  3.852e+00  1.670e+00  0.000e+00  0.000e+00  3.097e+02  2.723e+02
 2.9100  1.27046e+02  1.490e+01  1.121e+02  1.065e+02  5.636e+00  0.000e+00  9.599e+00  9.691e+01  4.177e+00  1.459e+00  0.000e+00  0.000e+00  3.332e+02  2.631e+02
 2.9150  1.23591e+02  1.319e+01  1.104e+02  1.067e+02  3.659e+00  0.000e+00  1.101e+01  9.573e+01  2.077e+00  1.582e+00  0.000e+00  0.000e+00  2.949e+02 -3.365e+02
 2.9200  1.25060e+02  1.025e+01  1.148e+02  1.062e+02  8.619e+00  0.000e+00  1.188e+01  9.431e+01  6.406e+00  2.212e+00  0.000e+00  0.000e+00  2.293e+02  5.051e+02
 2.9250  1.22383e+02  9.864e+00  1.125e+02  1.081e+02  4.419e+00  0.000e+00  1.257e+01  9.553e+01  2.652e+00  1.767e+00  0.000e+00  0.000e+00  2.206e+02 -9.061e+02
 2.9300  1.23228e+02  9.419e+00  1.138e+02  1.055e+02  8.359e+00  0.000e+00  1.182e+01  9.363e+01  7.642e+00  7.173e-01  0.000e+00  0.000e+00  2.107e+02  6.825e+02
 2.9350  1.21974e+02  8.925e+00  1.130e+02  1.073e+02  5.788e+00  0.000e+00  1.069e+01  9.657e+01  3.483e+00  2.306e+00  0.000e+00  0.000e+00  1.996e+02 -8.869e+02
 2.9400  1.25090e+02  1.013e+01  1.150e+02  1.053e+02  9.644e+00  0.000e+00  9.518e+00  9.580e+01  6.975e+00  2.669e+00  0.000e+00  0.000e+00  2.266e+02  8.177e+02
 2.9450  1.60663e+02  1.276e+01  1.479e+02  1.441e+02  3.827e+00  0.000e+00  8.517e+00  1.356e+02  3.472e+00  3.546e-01  0.000e+00  0.000e+00  2.853e+02 -5.610e+02
 2.9500  1.22470e+02  1.309e+01  1.094e+02  1.032e+02  6.203e+00  0.000e+00  7.610e+00  9.557e+01  4.009e+00  2.193e+00  0.000e+00  0.000e+00  2.927e+02  6.940e+02
 2.9550  8.06849e+01  1.268e+01  6.801e+01  6.123e+01  6.774e+00  0.000e+00  7.023e+00  5.421e+01  3.402e+00  3.372e+00  0.000e+00  0.000e+00  2.836e+02 -5.309e+01
 2.9600  1.13932e+02  1.334e+01  1.006e+02  9.788e+01  2.713e+00  0.000e+00  6.707e+00  9.117e+01  2.300e+00  4.132e-01  0.000e+00  0.000e+00  2.984e+02  2.110e+02
 2.9650  1.12642e+02  1.207e+01  1.006e+02  9.383e+01  6.741e+00  0.000e+00  6.145e+00  8.768e+01  4.658e+00  2.083e+00  0.000e+00  0.000e+00  2.701e+02  4.508e+02
 2.9700  1.10001e+02  1.028e+01  9.973e+01  9.411e+01  5.611e+00  0.000e+00  5.779e+00  8.834e+01  2.789e+00  2.822e+00  0.000e+00  0.000e+00  2.298e+02 -3.040e+02
 2.9750  1.09411e+02  1.046e+01  9.895e+01  9.173e+01  7.222e+00  0.000e+00  5.238e+00  8.649e+01  6.601e+00  6.208e-01  0.000e+00  0.000e+00  2.339e+02  9.722e+02
 2.9800  1.45497e+02  1.141e+01  1.341e+02  1.287e+02  5.357e+00  0.000e+00  4.767e+00  1.240e+02  3.576e+00  1.780e+00  0.000e+00  0.000e+00  2.551e+02 -5.994e+02
 2.9850  1.46050e+02  1.050e+01  1.356e+02  1.266e+02  8.913e+00  0.000e+00  4.225e+00  1.224e+02  6.586e+00  2.327e+00  0.000e+00  0.000e+00  2.348e+02  1.280e+03
 2.9900  1.41705e+02  1.126e+01  1.304e+02  1.254e+02  5.067e+00  0.000e+00  3.892e+00  1.215e+02  3.583e+00  1.485e+00  0.000e+00  0.000e+00  2.517e+02 -5.545e+02
 2.9950  1.43312e+02  1.269e+01  1.306e+02  1.240e+02  6.628e+00  0.000e+00  3.474e+00  1.205e+02  4.565e+00  2.063e+00  0.000e+00  0.000e+00  2.839e+02  1.161e+03
 3.0000  1.40161e+02  1.263e+01  1.275e+02  1.226e+02  4.934e+00  0.000e+00  3.154e+00  1.194e+02  3.173e+00  1.760e+00  0.000e+00  0.000e+00  2.824e+02 -2.441e+02
