#
# INPUTFILE C:\Users\mario\Documents\Code\Python\main_env\Dalton\input\md\he2.md
#
# -- INPUT DATA --
#
# MOLFILE C:\Users\mario\Documents\Code\Python\main_env\Dalton\geom\prm\he2.prm
# ENERGYOUT C:\Users\mario\Documents\Code\Python\main_env\Dalton\output\md\he2.dat
# GEOMOUT C:\Users\mario\Documents\Code\Python\main_env\Dalton\output\md\he2.xyz
# RANDOMSEED 450245880
# TEMPERATURE 0.000000 K
# BOUNDARY 10.000000 A
# BOUNDARYSPRING 250.000000 kcal/(mol*A^2)
# BOUNDARYTYPE sphere
# STATUSTIME 1.000000 s
# ENERGYTIME 0.020000 ps
# GEOMTIME 0.010000 ps
# TOTALTIME 10.000000 ps
# TIMESTEP 0.000500 ps
# EQTIME 0.000000 ps
# EQRATE 0.500000 ps
#
# -- ENERGY DATA --
#
# energy terms [kcal/mol]
#  time      e_total      e_kin      e_pot  e_nonbond   e_bonded e_boundary      e_vdw     e_elst     e_bond    e_angle     e_tors      e_oop       temp      press
 0.0000 -1.80006e-03  5.962e-23 -1.800e-03 -1.800e-03  0.000e+00  0.000e+00 -1.800e-03  0.000e+00  0.000e+00  0.000e+00  0.000e+00  0.000e+00  2.690e-21  0.000e+00
 0.0200 -1.80006e-03  3.779e-07 -1.800e-03 -1.800e-03  0.000e+00  0.000e+00 -1.800e-03  0.000e+00  0.000e+00  0.000e+00  0.000e+00  0.000e+00  6.339e-05  5.677e-02
 0.0400 -1.80006e-03  1.476e-06 -1.802e-03 -1.802e-03  0.000e+00  0.000e+00 -1.802e-03  0.000e+00  0.000e+00  0.000e+00  0.000e+00  0.000e+00  2.475e-04  5.681e-02
 0.0600 -1.80006e-03  3.296e-06 -1.803e-03 -1.803e-03  0.000e+00  0.000e+00 -1.803e-03  0.000e+00  0.000e+00  0.000e+00  0.000e+00  0.000e+00  5.528e-04  5.689e-02
 0.0800 -1.80006e-03  5.841e-06 -1.806e-03 -1.806e-03  0.000e+00  0.000e+00 -1.806e-03  0.000e+00  0.000e+00  0.000e+00  0.000e+00  0.000e+00  9.797e-04  5.699e-02
 0.1000 -1.80006e-03  9.116e-06 -1.809e-03 -1.809e-03  0.000e+00  0.000e+00 -1.809e-03  0.000e+00  0.000e+00  0.000e+00  0.000e+00  0.000e+00  1.529e-03  5.712e-02
 0.1200 -1.80006e-03  1.313e-05 -1.813e-03 -1.813e-03  0.000e+00  0.000e+00 -1.813e-03  0.000e+00  0.000e+00  0.000e+00  0.000e+00  0.000e+00  2.202e-03  5.729e-02
 0.1400 -1.80006e-03  1.788e-05 -1.818e-03 -1.818e-03  0.000e+00  0.000e+00 -1.818e-03  0.000e+00  0.000e+00  0.000e+00  0.000e+00  0.000e+00  2.999e-03  5.748e-02
 0.1600 -1.80006e-03  2.339e-05 -1.823e-03 -1.823e-03  0.000e+00  0.000e+00 -1.823e-03  0.000e+00  0.000e+00  0.000e+00  0.000e+00  0.000e+00  3.923e-03  5.771e-02
 0.1800 -1.80006e-03  2.965e-05 -1.830e-03 -1.830e-03  0.000e+00  0.000e+00 -1.830e-03  0.000e+00  0.000e+00  0.000e+00  0.000e+00  0.000e+00  4.974e-03  5.796e-02
 0.2000 -1.80006e-03  3.669e-05 -1.837e-03 -1.837e-03  0.000e+00  0.000e+00 -1.837e-03  0.000e+00  0.000e+00  0.000e+00  0.000e+00  0.000e+00  6.155e-03  5.825e-02
 0.2200 -1.80006e-03  4.452e-05 -1.845e-03 -1.845e-03  0.000e+00  0.000e+00 -1.845e-03  0.000e+00  0.000e+00  0.000e+00  0.000e+00  0.000e+00  7.468e-03  5.857e-02
 0.2400 -1.80006e-03  5.315e-05 -1.853e-03 -1.853e-03  0.000e+00  0.000e+00 -1.853e-03  0.000e+00  0.000e+00  0.000e+00  0.000e+00  0.000e+00  8.915e-03  5.892e-02
 0.2600 -1.80006e-03  6.259e-05 -1.863e-03 -1.863e-03  0.000e+00  0.000e+00 -1.863e-03  0.000e+00  0.000e+00  0.000e+00  0.000e+00  0.000e+00  1.050e-02  5.930e-02
 0.2800 -1.80006e-03  7.287e-05 -1.873e-03 -1.873e-03  0.000e+00  0.000e+00 -1.873e-03  0.000e+00  0.000e+00  0.000e+00  0.000e+00  0.000e+00  1.222e-02  5.972e-02
 0.3000 -1.80006e-03  8.400e-05 -1.884e-03 -1.884e-03  0.000e+00  0.000e+00 -1.884e-03  0.000e+00  0.000e+00  0.000e+00  0.000e+00  0.000e+00  1.409e-02  6.017e-02
 0.3200 -1.80006e-03  9.601e-05 -1.896e-03 -1.896e-03  0.000e+00  0.000e+00 -1.896e-03  0.000e+00  0.000e+00  0.000e+00  0.000e+00  0.000e+00  1.611e-02  6.066e-02
 0.3400 -1.80006e-03  1.089e-04 -1.909e-03 -1.909e-03  0.000e+00  0.000e+00 -1.909e-03  0.000e+00  0.000e+00  0.000e+00  0.000e+00  0.000e+00  1.827e-02  6.118e-02
 0.3600 -1.80006e-03  1.228e-04 -1.923e-03 -1.923e-03  0.000e+00  0.000e+00 -1.923e-03  0.000e+00  0.000e+00  0.000e+00  0.000e+00  0.000e+00  2.059e-02  6.174e-02
 0.3800 -1.80006e-03  1.375e-04 -1.938e-03 -1.938e-03  0.000e+00  0.000e+00 -1.938e-03  0.000e+00  0.000e+00  0.000e+00  0.000e+00  0.000e+00  2.307e-02  6.234e-02
 0.4000 -1.80006e-03  1.533e-04 -1.953e-03 -1.953e-03  0.000e+00  0.000e+00 -1.953e-03  0.000e+00  0.000e+00  0.000e+00  0.000e+00  0.000e+00  2.572e-02  6.298e-02
 0.4200 -1.80006e-03  1.701e-04 -1.970e-03 -1.970e-03  0.000e+00  0.000e+00 -1.970e-03  0.000e+00  0.000e+00  0.000e+00  0.000e+00  0.000e+00  2.853e-02  6.365e-02
 0.4400 -1.80006e-03  1.879e-04 -1.988e-03 -1.988e-03  0.000e+00  0.000e+00 -1.988e-03  0.000e+00  0.000e+00  0.000e+00  0.000e+00  0.000e+00  3.152e-02  6.437e-02
 0.4600 -1.80006e-03  2.068e-04 -2.007e-03 -2.007e-03  0.000e+00  0.000e+00 -2.007e-03  0.000e+00  0.000e+00  0.000e+00  0.000e+00  0.000e+00  3.469e-02  6.514e-02
 0.4800 -1.80006e-03  2.269e-04 -2.027e-03 -2.027e-03  0.000e+00  0.000e+00 -2.027e-03  0.000e+00  0.000e+00  0.000e+00  0.000e+00  0.000e+00  3.806e-02  6.594e-02
 0.5000 -1.80006e-03  2.481e-04 -2.048e-03 -2.048e-03  0.000e+00  0.000e+00 -2.048e-03  0.000e+00  0.000e+00  0.000e+00  0.000e+00  0.000e+00  4.161e-02  6.680e-02
 0.5200 -1.80006e-03  2.705e-04 -2.071e-03 -2.071e-03  0.000e+00  0.000e+00 -2.071e-03  0.000e+00  0.000e+00  0.000e+00  0.000e+00  0.000e+00  4.538e-02  6.770e-02
 0.5400 -1.80006e-03  2.942e-04 -2.094e-03 -2.094e-03  0.000e+00  0.000e+00 -2.094e-03  0.000e+00  0.000e+00  0.000e+00  0.000e+00  0.000e+00  4.935e-02  6.865e-02
 0.5600 -1.80006e-03  3.192e-04 -2.119e-03 -2.119e-03  0.000e+00  0.000e+00 -2.119e-03  0.000e+00  0.000e+00  0.000e+00  0.000e+00  0.000e+00  5.355e-02  6.965e-02
 0.5800 -1.80006e-03  3.456e-04 -2.146e-03 -2.146e-03  0.000e+00  0.000e+00 -2.146e-03  0.000e+00  0.000e+00  0.000e+00  0.000e+00  0.000e+00  5.797e-02  7.071e-02
 0.6000 -1.80006e-03  3.735e-04 -2.174e-03 -2.174e-03  0.000e+00  0.000e+00 -2.174e-03  0.000e+00  0.000e+00  0.000e+00  0.000e+00  0.000e+00  6.264e-02  7.182e-02
 0.6200 -1.80006e-03  4.028e-04 -2.203e-03 -2.203e-03  0.000e+00  0.000e+00 -2.203e-03  0.000e+00  0.000e+00  0.000e+00  0.000e+00  0.000e+00  6.757e-02  7.299e-02
 0.6400 -1.80006e-03  4.337e-04 -2.234e-03 -2.234e-03  0.000e+00  0.000e+00 -2.234e-03  0.000e+00  0.000e+00  0.000e+00  0.000e+00  0.000e+00  7.275e-02  7.422e-02
 0.6600 -1.80006e-03  4.663e-04 -2.266e-03 -2.266e-03  0.000e+00  0.000e+00 -2.266e-03  0.000e+00  0.000e+00  0.000e+00  0.000e+00  0.000e+00  7.822e-02  7.551e-02
 0.6800 -1.80006e-03  5.007e-04 -2.301e-03 -2.301e-03  0.000e+00  0.000e+00 -2.301e-03  0.000e+00  0.000e+00  0.000e+00  0.000e+00  0.000e+00  8.398e-02  7.688e-02
 0.7000 -1.80006e-03  5.368e-04 -2.337e-03 -2.337e-03  0.000e+00  0.000e+00 -2.337e-03  0.000e+00  0.000e+00  0.000e+00  0.000e+00  0.000e+00  9.005e-02  7.831e-02
 0.7200 -1.80006e-03  5.749e-04 -2.375e-03 -2.375e-03  0.000e+00  0.000e+00 -2.375e-03  0.000e+00  0.000e+00  0.000e+00  0.000e+00  0.000e+00  9.644e-02  7.981e-02
 0.7400 -1.80006e-03  6.150e-04 -2.415e-03 -2.415e-03  0.000e+00  0.000e+00 -2.415e-03  0.000e+00  0.000e+00  0.000e+00  0.000e+00  0.000e+00  1.032e-01  8.139e-02
 0.7600 -1.80006e-03  6.573e-04 -2.457e-03 -2.457e-03  0.000e+00  0.000e+00 -2.457e-03  0.000e+00  0.000e+00  0.000e+00  0.000e+00  0.000e+00  1.103e-01  8.305e-02
 0.7800 -1.80006e-03  7.019e-04 -2.502e-03 -2.502e-03  0.000e+00  0.000e+00 -2.502e-03  0.000e+00  0.000e+00  0.000e+00  0.000e+00  0.000e+00  1.177e-01  8.479e-02
 0.8000 -1.80006e-03  7.488e-04 -2.549e-03 -2.549e-03  0.000e+00  0.000e+00 -2.549e-03  0.000e+00  0.000e+00  0.000e+00  0.000e+00  0.000e+00  1.256e-01  8.662e-02
 0.8200 -1.80006e-03  7.983e-04 -2.598e-03 -2.598e-03  0.000e+00  0.000e+00 -2.598e-03  0.000e+00  0.000e+00  0.000e+00  0.000e+00  0.000e+00  1.339e-01  8.855e-02
 0.8400 -1.80006e-03  8.505e-04 -2.651e-03 -2.651e-03  0.000e+00  0.000e+00 -2.651e-03  0.000e+00  0.000e+00  0.000e+00  0.000e+00  0.000e+00  1.427e-01  9.057e-02
 0.8600 -1.80006e-03  9.055e-04 -2.706e-03 -2.706e-03  0.000e+00  0.000e+00 -2.706e-03  0.000e+00  0.000e+00  0.000e+00  0.000e+00  0.000e+00  1.519e-01  9.270e-02
 0.8800 -1.80006e-03  9.636e-04 -2.764e-03 -2.764e-03  0.000e+00  0.000e+00 -2.764e-03  0.000e+00  0.000e+00  0.000e+00  0.000e+00  0.000e+00  1.616e-01  9.494e-02
 0.9000 -1.80006e-03  1.025e-03 -2.825e-03 -2.825e-03  0.000e+00  0.000e+00 -2.825e-03  0.000e+00  0.000e+00  0.000e+00  0.000e+00  0.000e+00  1.719e-01  9.729e-02
 0.9200 -1.80006e-03  1.090e-03 -2.890e-03 -2.890e-03  0.000e+00  0.000e+00 -2.890e-03  0.000e+00  0.000e+00  0.000e+00  0.000e+00  0.000e+00  1.828e-01  9.976e-02
 0.9400 -1.80006e-03  1.158e-03 -2.958e-03 -2.958e-03  0.000e+00  0.000e+00 -2.958e-03  0.000e+00  0.000e+00  0.000e+00  0.000e+00  0.000e+00  1.943e-01  1.024e-01
 0.9600 -1.80006e-03  1.231e-03 -3.031e-03 -3.031e-03  0.000e+00  0.000e+00 -3.031e-03  0.000e+00  0.000e+00  0.000e+00  0.000e+00  0.000e+00  2.064e-01  1.051e-01
 0.9800 -1.80006e-03  1.307e-03 -3.107e-03 -3.107e-03  0.000e+00  0.000e+00 -3.107e-03  0.000e+00  0.000e+00  0.000e+00  0.000e+00  0.000e+00  2.193e-01  1.080e-01
 1.0000 -1.80006e-03  1.388e-03 -3.188e-03 -3.188e-03  0.000e+00  0.000e+00 -3.188e-03  0.000e+00  0.000e+00  0.000e+00  0.000e+00  0.000e+00  2.329e-01  1.110e-01
 1.0200 -1.80006e-03  1.474e-03 -3.274e-03 -3.274e-03  0.000e+00  0.000e+00 -3.274e-03  0.000e+00  0.000e+00  0.000e+00  0.000e+00  0.000e+00  2.473e-01  1.142e-01
 1.0400 -1.80006e-03  1.565e-03 -3.365e-03 -3.365e-03  0.000e+00  0.000e+00 -3.365e-03  0.000e+00  0.000e+00  0.000e+00  0.000e+00  0.000e+00  2.626e-01  1.175e-01
 1.0600 -1.80006e-03  1.662e-03 -3.462e-03 -3.462e-03  0.000e+00  0.000e+00 -3.462e-03  0.000e+00  0.000e+00  0.000e+00  0.000e+00  0.000e+00  2.788e-01  1.211e-01
 1.0800 -1.80006e-03  1.764e-03 -3.564e-03 -3.564e-03  0.000e+00  0.000e+00 -3.564e-03  0.000e+00  0.000e+00  0.000e+00  0.000e+00  0.000e+00  2.960e-01  1.248e-01
 1.1000 -1.80006e-03  1.873e-03 -3.673e-03 -3.673e-03  0.000e+00  0.000e+00 -3.673e-03  0.000e+00  0.000e+00  0.000e+00  0.000e+00  0.000e+00  3.142e-01  1.287e-01
 1.1200 -1.80006e-03  1.989e-03 -3.789e-03 -3.789e-03  0.000e+00  0.000e+00 -3.789e-03  0.000e+00  0.000e+00  0.000e+00  0.000e+00  0.000e+00  3.337e-01  1.328e-01
 1.1400 -1.80006e-03  2.113e-03 -3.913e-03 -3.913e-03  0.000e+00  0.000e+00 -3.913e-03  0.000e+00  0.000e+00  0.000e+00  0.000e+00  0.000e+00  3.544e-01  1.371e-01
 1.1600 -1.80006e-03  2.244e-03 -4.044e-03 -4.044e-03  0.000e+00  0.000e+00 -4.044e-03  0.000e+00  0.000e+00  0.000e+00  0.000e+00  0.000e+00  3.764e-01  1.417e-01
 1.1800 -1.80006e-03  2.384e-03 -4.184e-03 -4.184e-03  0.000e+00  0.000e+00 -4.184e-03  0.000e+00  0.000e+00  0.000e+00  0.000e+00  0.000e+00  3.999e-01  1.465e-01
 1.2000 -1.80006e-03  2.533e-03 -4.333e-03 -4.333e-03  0.000e+00  0.000e+00 -4.333e-03  0.000e+00  0.000e+00  0.000e+00  0.000e+00  0.000e+00  4.249e-01  1.515e-01
 1.2200 -1.80006e-03  2.692e-03 -4.493e-03 -4.493e-03  0.000e+00  0.000e+00 -4.493e-03  0.000e+00  0.000e+00  0.000e+00  0.000e+00  0.000e+00  4.516e-01  1.567e-01
 1.2400 -1.80006e-03  2.863e-03 -4.663e-03 -4.663e-03  0.000e+00  0.000e+00 -4.663e-03  0.000e+00  0.000e+00  0.000e+00  0.000e+00  0.000e+00  4.802e-01  1.622e-01
 1.2600 -1.80006e-03  3.044e-03 -4.845e-03 -4.845e-03  0.000e+00  0.000e+00 -4.845e-03  0.000e+00  0.000e+00  0.000e+00  0.000e+00  0.000e+00  5.107e-01  1.680e-01
 1.2800 -1.80006e-03  3.239e-03 -5.039e-03 -5.039e-03  0.000e+00  0.000e+00 -5.039e-03  0.000e+00  0.000e+00  0.000e+00  0.000e+00  0.000e+00  5.433e-01  1.740e-01
 1.3000 -1.80006e-03  3.447e-03 -5.247e-03 -5.247e-03  0.000e+00  0.000e+00 -5.247e-03  0.000e+00  0.000e+00  0.000e+00  0.000e+00  0.000e+00  5.782e-01  1.802e-01
 1.3200 -1.80006e-03  3.669e-03 -5.469e-03 -5.469e-03  0.000e+00  0.000e+00 -5.469e-03  0.000e+00  0.000e+00  0.000e+00  0.000e+00  0.000e+00  6.154e-01  1.866e-01
 1.3400 -1.80006e-03  3.907e-03 -5.707e-03 -5.707e-03  0.000e+00  0.000e+00 -5.707e-03  0.000e+00  0.000e+00  0.000e+00  0.000e+00  0.000e+00  6.553e-01  1.931e-01
 1.3600 -1.80006e-03  4.161e-03 -5.961e-03 -5.961e-03  0.000e+00  0.000e+00 -5.961e-03  0.000e+00  0.000e+00  0.000e+00  0.000e+00  0.000e+00  6.979e-01  1.997e-01
 1.3800 -1.80006e-03  4.432e-03 -6.232e-03 -6.232e-03  0.000e+00  0.000e+00 -6.232e-03  0.000e+00  0.000e+00  0.000e+00  0.000e+00  0.000e+00  7.434e-01  2.063e-01
 1.4000 -1.80006e-03  4.720e-03 -6.520e-03 -6.520e-03  0.000e+00  0.000e+00 -6.520e-03  0.000e+00  0.000e+00  0.000e+00  0.000e+00  0.000e+00  7.918e-01  2.127e-01
 1.4200 -1.80006e-03  5.027e-03 -6.827e-03 -6.827e-03  0.000e+00  0.000e+00 -6.827e-03  0.000e+00  0.000e+00  0.000e+00  0.000e+00  0.000e+00  8.432e-01  2.188e-01
 1.4400 -1.80006e-03  5.352e-03 -7.152e-03 -7.152e-03  0.000e+00  0.000e+00 -7.152e-03  0.000e+00  0.000e+00  0.000e+00  0.000e+00  0.000e+00  8.977e-01  2.243e-01
 1.4600 -1.80006e-03  5.693e-03 -7.493e-03 -7.493e-03  0.000e+00  0.000e+00 -7.493e-03  0.000e+00  0.000e+00  0.000e+00  0.000e+00  0.000e+00  9.549e-01  2.288e-01
 1.4800 -1.80006e-03  6.049e-03 -7.849e-03 -7.849e-03  0.000e+00  0.000e+00 -7.849e-03  0.000e+00  0.000e+00  0.000e+00  0.000e+00  0.000e+00  1.015e+00  2.319e-01
 1.5000 -1.80006e-03  6.416e-03 -8.216e-03 -8.216e-03  0.000e+00  0.000e+00 -8.216e-03  0.000e+00  0.000e+00  0.000e+00  0.000e+00  0.000e+00  1.076e+00  2.328e-01
 1.5200 -1.80006e-03  6.787e-03 -8.587e-03 -8.587e-03  0.000e+00  0.000e+00 -8.587e-03  0.000e+00  0.000e+00  0.000e+00  0.000e+00  0.000e+00  1.138e+00  2.307e-01
 1.5400 -1.80007e-03  7.154e-03 -8.954e-03 -8.954e-03  0.000e+00  0.000e+00 -8.954e-03  0.000e+00  0.000e+00  0.000e+00  0.000e+00  0.000e+00  1.200e+00  2.243e-01
 1.5600 -1.80007e-03  7.502e-03 -9.302e-03 -9.302e-03  0.000e+00  0.000e+00 -9.302e-03  0.000e+00  0.000e+00  0.000e+00  0.000e+00  0.000e+00  1.258e+00  2.119e-01
 1.5800 -1.80007e-03  7.811e-03 -9.611e-03 -9.611e-03  0.000e+00  0.000e+00 -9.611e-03  0.000e+00  0.000e+00  0.000e+00  0.000e+00  0.000e+00  1.310e+00  1.914e-01
 1.6000 -1.80007e-03  8.052e-03 -9.852e-03 -9.852e-03  0.000e+00  0.000e+00 -9.852e-03  0.000e+00  0.000e+00  0.000e+00  0.000e+00  0.000e+00  1.351e+00  1.600e-01
 1.6200 -1.80007e-03  8.186e-03 -9.986e-03 -9.986e-03  0.000e+00  0.000e+00 -9.986e-03  0.000e+00  0.000e+00  0.000e+00  0.000e+00  0.000e+00  1.373e+00  1.140e-01
 1.6400 -1.80008e-03  8.166e-03 -9.966e-03 -9.966e-03  0.000e+00  0.000e+00 -9.966e-03  0.000e+00  0.000e+00  0.000e+00  0.000e+00  0.000e+00  1.370e+00  4.930e-02
 1.6600 -1.80008e-03  7.932e-03 -9.732e-03 -9.732e-03  0.000e+00  0.000e+00 -9.732e-03  0.000e+00  0.000e+00  0.000e+00  0.000e+00  0.000e+00  1.330e+00 -3.877e-02
 1.6800 -1.80008e-03  7.423e-03 -9.223e-03 -9.223e-03  0.000e+00  0.000e+00 -9.223e-03  0.000e+00  0.000e+00  0.000e+00  0.000e+00  0.000e+00  1.245e+00 -1.545e-01
 1.7000 -1.80008e-03  6.590e-03 -8.390e-03 -8.390e-03  0.000e+00  0.000e+00 -8.390e-03  0.000e+00  0.000e+00  0.000e+00  0.000e+00  0.000e+00  1.105e+00 -3.002e-01
 1.7200 -1.80008e-03  5.422e-03 -7.222e-03 -7.222e-03  0.000e+00  0.000e+00 -7.222e-03  0.000e+00  0.000e+00  0.000e+00  0.000e+00  0.000e+00  9.095e-01 -4.740e-01
 1.7400 -1.80008e-03  3.984e-03 -5.784e-03 -5.784e-03  0.000e+00  0.000e+00 -5.784e-03  0.000e+00  0.000e+00  0.000e+00  0.000e+00  0.000e+00  6.683e-01 -6.664e-01
 1.7600 -1.80007e-03  2.445e-03 -4.245e-03 -4.245e-03  0.000e+00  0.000e+00 -4.245e-03  0.000e+00  0.000e+00  0.000e+00  0.000e+00  0.000e+00  4.101e-01 -8.581e-01
 1.7800 -1.80006e-03  1.077e-03 -2.877e-03 -2.877e-03  0.000e+00  0.000e+00 -2.877e-03  0.000e+00  0.000e+00  0.000e+00  0.000e+00  0.000e+00  1.807e-01 -1.021e+00
 1.8000 -1.80005e-03  1.952e-04 -1.995e-03 -1.995e-03  0.000e+00  0.000e+00 -1.995e-03  0.000e+00  0.000e+00  0.000e+00  0.000e+00  0.000e+00  3.274e-02 -1.123e+00
 1.8200 -1.80004e-03  3.474e-05 -1.835e-03 -1.835e-03  0.000e+00  0.000e+00 -1.835e-03  0.000e+00  0.000e+00  0.000e+00  0.000e+00  0.000e+00  5.827e-03 -1.141e+00
 1.8400 -1.80005e-03  6.414e-04 -2.441e-03 -2.441e-03  0.000e+00  0.000e+00 -2.441e-03  0.000e+00  0.000e+00  0.000e+00  0.000e+00  0.000e+00  1.076e-01 -1.071e+00
 1.8600 -1.80006e-03  1.847e-03 -3.647e-03 -3.647e-03  0.000e+00  0.000e+00 -3.647e-03  0.000e+00  0.000e+00  0.000e+00  0.000e+00  0.000e+00  3.098e-01 -9.299e-01
 1.8800 -1.80007e-03  3.354e-03 -5.154e-03 -5.154e-03  0.000e+00  0.000e+00 -5.154e-03  0.000e+00  0.000e+00  0.000e+00  0.000e+00  0.000e+00  5.626e-01 -7.463e-01
 1.9000 -1.80008e-03  4.860e-03 -6.660e-03 -6.660e-03  0.000e+00  0.000e+00 -6.660e-03  0.000e+00  0.000e+00  0.000e+00  0.000e+00  0.000e+00  8.153e-01 -5.512e-01
 1.9200 -1.80008e-03  6.151e-03 -7.951e-03 -7.951e-03  0.000e+00  0.000e+00 -7.951e-03  0.000e+00  0.000e+00  0.000e+00  0.000e+00  0.000e+00  1.032e+00 -3.682e-01
 1.9400 -1.80008e-03  7.123e-03 -8.923e-03 -8.923e-03  0.000e+00  0.000e+00 -8.923e-03  0.000e+00  0.000e+00  0.000e+00  0.000e+00  0.000e+00  1.195e+00 -2.104e-01
 1.9600 -1.80008e-03  7.760e-03 -9.560e-03 -9.560e-03  0.000e+00  0.000e+00 -9.560e-03  0.000e+00  0.000e+00  0.000e+00  0.000e+00  0.000e+00  1.302e+00 -8.253e-02
 1.9800 -1.80008e-03  8.099e-03 -9.900e-03 -9.900e-03  0.000e+00  0.000e+00 -9.900e-03  0.000e+00  0.000e+00  0.000e+00  0.000e+00  0.000e+00  1.359e+00  1.639e-02
 2.0000 -1.80007e-03  8.200e-03 -1.000e-02 -1.000e-02  0.000e+00  0.000e+00 -1.000e-02  0.000e+00  0.000e+00  0.000e+00  0.000e+00  0.000e+00  1.375e+00  9.008e-02
 2.0200 -1.80007e-03  8.122e-03 -9.922e-03 -9.922e-03  0.000e+00  0.000e+00 -9.922e-03  0.000e+00  0.000e+00  0.000e+00  0.000e+00  0.000e+00  1.362e+00  1.432e-01
 2.0400 -1.80007e-03  7.919e-03 -9.720e-03 -9.720e-03  0.000e+00  0.000e+00 -9.720e-03  0.000e+00  0.000e+00  0.000e+00  0.000e+00  0.000e+00  1.328e+00  1.801e-01
 2.0600 -1.80007e-03  7.635e-03 -9.435e-03 -9.435e-03  0.000e+00  0.000e+00 -9.435e-03  0.000e+00  0.000e+00  0.000e+00  0.000e+00  0.000e+00  1.281e+00  2.047e-01
 2.0800 -1.80007e-03  7.300e-03 -9.100e-03 -9.100e-03  0.000e+00  0.000e+00 -9.100e-03  0.000e+00  0.000e+00  0.000e+00  0.000e+00  0.000e+00  1.224e+00  2.201e-01
 2.1000 -1.80007e-03  6.938e-03 -8.739e-03 -8.739e-03  0.000e+00  0.000e+00 -8.739e-03  0.000e+00  0.000e+00  0.000e+00  0.000e+00  0.000e+00  1.164e+00  2.287e-01
 2.1200 -1.80006e-03  6.567e-03 -8.367e-03 -8.367e-03  0.000e+00  0.000e+00 -8.367e-03  0.000e+00  0.000e+00  0.000e+00  0.000e+00  0.000e+00  1.102e+00  2.324e-01
 2.1400 -1.80006e-03  6.198e-03 -7.998e-03 -7.998e-03  0.000e+00  0.000e+00 -7.998e-03  0.000e+00  0.000e+00  0.000e+00  0.000e+00  0.000e+00  1.040e+00  2.326e-01
 2.1600 -1.80006e-03  5.837e-03 -7.637e-03 -7.637e-03  0.000e+00  0.000e+00 -7.637e-03  0.000e+00  0.000e+00  0.000e+00  0.000e+00  0.000e+00  9.790e-01  2.303e-01
 2.1800 -1.80006e-03  5.489e-03 -7.289e-03 -7.289e-03  0.000e+00  0.000e+00 -7.289e-03  0.000e+00  0.000e+00  0.000e+00  0.000e+00  0.000e+00  9.207e-01  2.263e-01
 2.2000 -1.80006e-03  5.158e-03 -6.958e-03 -6.958e-03  0.000e+00  0.000e+00 -6.958e-03  0.000e+00  0.000e+00  0.000e+00  0.000e+00  0.000e+00  8.651e-01  2.211e-01
 2.2200 -1.80006e-03  4.844e-03 -6.644e-03 -6.644e-03  0.000e+00  0.000e+00 -6.644e-03  0.000e+00  0.000e+00  0.000e+00  0.000e+00  0.000e+00  8.125e-01  2.152e-01
 2.2400 -1.80006e-03  4.548e-03 -6.348e-03 -6.348e-03  0.000e+00  0.000e+00 -6.348e-03  0.000e+00  0.000e+00  0.000e+00  0.000e+00  0.000e+00  7.628e-01  2.089e-01
 2.2600 -1.80006e-03  4.269e-03 -6.069e-03 -6.069e-03  0.000e+00  0.000e+00 -6.069e-03  0.000e+00  0.000e+00  0.000e+00  0.000e+00  0.000e+00  7.161e-01  2.024e-01
 2.2800 -1.80006e-03  4.009e-03 -5.809e-03 -5.809e-03  0.000e+00  0.000e+00 -5.809e-03  0.000e+00  0.000e+00  0.000e+00  0.000e+00  0.000e+00  6.724e-01  1.958e-01
 2.3000 -1.80006e-03  3.764e-03 -5.564e-03 -5.564e-03  0.000e+00  0.000e+00 -5.564e-03  0.000e+00  0.000e+00  0.000e+00  0.000e+00  0.000e+00  6.314e-01  1.892e-01
 2.3200 -1.80006e-03  3.536e-03 -5.336e-03 -5.336e-03  0.000e+00  0.000e+00 -5.336e-03  0.000e+00  0.000e+00  0.000e+00  0.000e+00  0.000e+00  5.931e-01  1.828e-01
 2.3400 -1.80006e-03  3.322e-03 -5.122e-03 -5.122e-03  0.000e+00  0.000e+00 -5.122e-03  0.000e+00  0.000e+00  0.000e+00  0.000e+00  0.000e+00  5.573e-01  1.765e-01
 2.3600 -1.80006e-03  3.122e-03 -4.922e-03 -4.922e-03  0.000e+00  0.000e+00 -4.922e-03  0.000e+00  0.000e+00  0.000e+00  0.000e+00  0.000e+00  5.237e-01  1.704e-01
 2.3800 -1.80006e-03  2.936e-03 -4.736e-03 -4.736e-03  0.000e+00  0.000e+00 -4.736e-03  0.000e+00  0.000e+00  0.000e+00  0.000e+00  0.000e+00  4.924e-01  1.646e-01
 2.4000 -1.80006e-03  2.761e-03 -4.561e-03 -4.561e-03  0.000e+00  0.000e+00 -4.561e-03  0.000e+00  0.000e+00  0.000e+00  0.000e+00  0.000e+00  4.631e-01  1.590e-01
 2.4200 -1.80006e-03  2.597e-03 -4.397e-03 -4.397e-03  0.000e+00  0.000e+00 -4.397e-03  0.000e+00  0.000e+00  0.000e+00  0.000e+00  0.000e+00  4.356e-01  1.536e-01
 2.4400 -1.80006e-03  2.444e-03 -4.244e-03 -4.244e-03  0.000e+00  0.000e+00 -4.244e-03  0.000e+00  0.000e+00  0.000e+00  0.000e+00  0.000e+00  4.099e-01  1.485e-01
 2.4600 -1.80006e-03  2.300e-03 -4.100e-03 -4.100e-03  0.000e+00  0.000e+00 -4.100e-03  0.000e+00  0.000e+00  0.000e+00  0.000e+00  0.000e+00  3.858e-01  1.436e-01
 2.4800 -1.80006e-03  2.165e-03 -3.965e-03 -3.965e-03  0.000e+00  0.000e+00 -3.965e-03  0.000e+00  0.000e+00  0.000e+00  0.000e+00  0.000e+00  3.632e-01  1.390e-01
 2.5000 -1.80006e-03  2.039e-03 -3.839e-03 -3.839e-03  0.000e+00  0.000e+00 -3.839e-03  0.000e+00  0.000e+00  0.000e+00  0.000e+00  0.000e+00  3.420e-01  1.345e-01
 2.5200 -1.80006e-03  1.920e-03 -3.720e-03 -3.720e-03  0.000e+00  0.000e+00 -3.720e-03  0.000e+00  0.000e+00  0.000e+00  0.000e+00  0.000e+00  3.220e-01  1.303e-01
 2.5400 -1.80006e-03  1.808e-03 -3.608e-03 -3.608e-03  0.000e+00  0.000e+00 -3.608e-03  0.000e+00  0.000e+00  0.000e+00  0.000e+00  0.000e+00  3.033e-01  1.264e-01
 2.5600 -1.80006e-03  1.703e-03 -3.503e-03 -3.503e-03  0.000e+00  0.000e+00 -3.503e-03  0.000e+00  0.000e+00  0.000e+00  0.000e+00  0.000e+00  2.857e-01  1.226e-01
 2.5800 -1.80006e-03  1.604e-03 -3.404e-03 -3.404e-03  0.000e+00  0.000e+00 -3.404e-03  0.000e+00  0.000e+00  0.000e+00  0.000e+00  0.000e+00  2.691e-01  1.190e-01
 2.6000 -1.80006e-03  1.511e-03 -3.311e-03 -3.311e-03  0.000e+00  0.000e+00 -3.311e-03  0.000e+00  0.000e+00  0.000e+00  0.000e+00  0.000e+00  2.534e-01  1.155e-01
 2.6200 -1.80006e-03  1.423e-03 -3.223e-03 -3.223e-03  0.000e+00  0.000e+00 -3.223e-03  0.000e+00  0.000e+00  0.000e+00  0.000e+00  0.000e+00  2.387e-01  1.123e-01
 2.6400 -1.80006e-03  1.340e-03 -3.140e-03 -3.140e-03  0.000e+00  0.000e+00 -3.140e-03  0.000e+00  0.000e+00  0.000e+00  0.000e+00  0.000e+00  2.247e-01  1.092e-01
 2.6600 -1.80006e-03  1.261e-03 -3.061e-03 -3.061e-03  0.000e+00  0.000e+00 -3.061e-03  0.000e+00  0.000e+00  0.000e+00  0.000e+00  0.000e+00  2.116e-01  1.063e-01
 2.6800 -1.80006e-03  1.187e-03 -2.987e-03 -2.987e-03  0.000e+00  0.000e+00 -2.987e-03  0.000e+00  0.000e+00  0.000e+00  0.000e+00  0.000e+00  1.992e-01  1.035e-01
 2.7000 -1.80006e-03  1.117e-03 -2.917e-03 -2.917e-03  0.000e+00  0.000e+00 -2.917e-03  0.000e+00  0.000e+00  0.000e+00  0.000e+00  0.000e+00  1.874e-01  1.008e-01
 2.7200 -1.80006e-03  1.051e-03 -2.851e-03 -2.851e-03  0.000e+00  0.000e+00 -2.851e-03  0.000e+00  0.000e+00  0.000e+00  0.000e+00  0.000e+00  1.763e-01  9.828e-02
 2.7400 -1.80006e-03  9.883e-04 -2.788e-03 -2.788e-03  0.000e+00  0.000e+00 -2.788e-03  0.000e+00  0.000e+00  0.000e+00  0.000e+00  0.000e+00  1.658e-01  9.588e-02
 2.7600 -1.80006e-03  9.289e-04 -2.729e-03 -2.729e-03  0.000e+00  0.000e+00 -2.729e-03  0.000e+00  0.000e+00  0.000e+00  0.000e+00  0.000e+00  1.558e-01  9.360e-02
 2.7800 -1.80006e-03  8.726e-04 -2.673e-03 -2.673e-03  0.000e+00  0.000e+00 -2.673e-03  0.000e+00  0.000e+00  0.000e+00  0.000e+00  0.000e+00  1.464e-01  9.143e-02
 2.8000 -1.80006e-03  8.193e-04 -2.619e-03 -2.619e-03  0.000e+00  0.000e+00 -2.619e-03  0.000e+00  0.000e+00  0.000e+00  0.000e+00  0.000e+00  1.374e-01  8.937e-02
 2.8200 -1.80006e-03  7.687e-04 -2.569e-03 -2.569e-03  0.000e+00  0.000e+00 -2.569e-03  0.000e+00  0.000e+00  0.000e+00  0.000e+00  0.000e+00  1.289e-01  8.740e-02
 2.8400 -1.80006e-03  7.207e-04 -2.521e-03 -2.521e-03  0.000e+00  0.000e+00 -2.521e-03  0.000e+00  0.000e+00  0.000e+00  0.000e+00  0.000e+00  1.209e-01  8.553e-02
 2.8600 -1.80006e-03  6.752e-04 -2.475e-03 -2.475e-03  0.000e+00  0.000e+00 -2.475e-03  0.000e+00  0.000e+00  0.000e+00  0.000e+00  0.000e+00  1.133e-01  8.375e-02
 2.8800 -1.80006e-03  6.321e-04 -2.432e-03 -2.432e-03  0.000e+00  0.000e+00 -2.432e-03  0.000e+00  0.000e+00  0.000e+00  0.000e+00  0.000e+00  1.060e-01  8.206e-02
 2.9000 -1.80006e-03  5.911e-04 -2.391e-03 -2.391e-03  0.000e+00  0.000e+00 -2.391e-03  0.000e+00  0.000e+00  0.000e+00  0.000e+00  0.000e+00  9.914e-02  8.045e-02
 2.9200 -1.80006e-03  5.521e-04 -2.352e-03 -2.352e-03  0.000e+00  0.000e+00 -2.352e-03  0.000e+00  0.000e+00  0.000e+00  0.000e+00  0.000e+00  9.262e-02  7.891e-02
 2.9400 -1.80006e-03  5.152e-04 -2.315e-03 -2.315e-03  0.000e+00  0.000e+00 -2.315e-03  0.000e+00  0.000e+00  0.000e+00  0.000e+00  0.000e+00  8.642e-02  7.745e-02
 2.9600 -1.80006e-03  4.801e-04 -2.280e-03 -2.280e-03  0.000e+00  0.000e+00 -2.280e-03  0.000e+00  0.000e+00  0.000e+00  0.000e+00  0.000e+00  8.054e-02  7.606e-02
 2.9800 -1.80006e-03  4.469e-04 -2.247e-03 -2.247e-03  0.000e+00  0.000e+00 -2.247e-03  0.000e+00  0.000e+00  0.000e+00  0.000e+00  0.000e+00  7.495e-02  7.474e-02
 3.0000 -1.80006e-03  4.153e-04 -2.215e-03 -2.215e-03  0.000e+00  0.000e+00 -2.215e-03  0.000e+00  0.000e+00  0.000e+00  0.000e+00  0.000e+00  6.965e-02  7.349e-02
 3.0200 -1.80006e-03  3.853e-04 -2.185e-03 -2.185e-03  0.000e+00  0.000e+00 -2.185e-03  0.000e+00  0.000e+00  0.000e+00  0.000e+00  0.000e+00  6.463e-02  7.229e-02
 3.0400 -1.80006e-03  3.568e-04 -2.157e-03 -2.157e-03  0.000e+00  0.000e+00 -2.157e-03  0.000e+00  0.000e+00  0.000e+00  0.000e+00  0.000e+00  5.985e-02  7.116e-02
 3.0600 -1.80006e-03  3.298e-04 -2.130e-03 -2.130e-03  0.000e+00  0.000e+00 -2.130e-03  0.000e+00  0.000e+00  0.000e+00  0.000e+00  0.000e+00  5.533e-02  7.008e-02
 3.0800 -1.80006e-03  3.043e-04 -2.104e-03 -2.104e-03  0.000e+00  0.000e+00 -2.104e-03  0.000e+00  0.000e+00  0.000e+00  0.000e+00  0.000e+00  5.104e-02  6.905e-02
 3.1000 -1.80006e-03  2.800e-04 -2.080e-03 -2.080e-03  0.000e+00  0.000e+00 -2.080e-03  0.000e+00  0.000e+00  0.000e+00  0.000e+00  0.000e+00  4.697e-02  6.808e-02
 3.1200 -1.80006e-03  2.571e-04 -2.057e-03 -2.057e-03  0.000e+00  0.000e+00 -2.057e-03  0.000e+00  0.000e+00  0.000e+00  0.000e+00  0.000e+00  4.313e-02  6.716e-02
 3.1400 -1.80006e-03  2.354e-04 -2.035e-03 -2.035e-03  0.000e+00  0.000e+00 -2.035e-03  0.000e+00  0.000e+00  0.000e+00  0.000e+00  0.000e+00  3.949e-02  6.629e-02
 3.1600 -1.80006e-03  2.149e-04 -2.015e-03 -2.015e-03  0.000e+00  0.000e+00 -2.015e-03  0.000e+00  0.000e+00  0.000e+00  0.000e+00  0.000e+00  3.604e-02  6.546e-02
 3.1800 -1.80006e-03  1.955e-04 -1.996e-03 -1.996e-03  0.000e+00  0.000e+00 -1.996e-03  0.000e+00  0.000e+00  0.000e+00  0.000e+00  0.000e+00  3.280e-02  6.468e-02
 3.2000 -1.80006e-03  1.772e-04 -1.977e-03 -1.977e-03  0.000e+00  0.000e+00 -1.977e-03  0.000e+00  0.000e+00  0.000e+00  0.000e+00  0.000e+00  2.973e-02  6.394e-02
 3.2200 -1.80006e-03  1.600e-04 -1.960e-03 -1.960e-03  0.000e+00  0.000e+00 -1.960e-03  0.000e+00  0.000e+00  0.000e+00  0.000e+00  0.000e+00  2.685e-02  6.325e-02
 3.2400 -1.80006e-03  1.439e-04 -1.944e-03 -1.944e-03  0.000e+00  0.000e+00 -1.944e-03  0.000e+00  0.000e+00  0.000e+00  0.000e+00  0.000e+00  2.413e-02  6.259e-02
 3.2600 -1.80006e-03  1.287e-04 -1.929e-03 -1.929e-03  0.000e+00  0.000e+00 -1.929e-03  0.000e+00  0.000e+00  0.000e+00  0.000e+00  0.000e+00  2.158e-02  6.198e-02
 3.2800 -1.80006e-03  1.145e-04 -1.915e-03 -1.915e-03  0.000e+00  0.000e+00 -1.915e-03  0.000e+00  0.000e+00  0.000e+00  0.000e+00  0.000e+00  1.920e-02  6.140e-02
 3.3000 -1.80006e-03  1.012e-04 -1.901e-03 -1.901e-03  0.000e+00  0.000e+00 -1.901e-03  0.000e+00  0.000e+00  0.000e+00  0.000e+00  0.000e+00  1.697e-02  6.087e-02
 3.3200 -1.80006e-03  8.881e-05 -1.889e-03 -1.889e-03  0.000e+00  0.000e+00 -1.889e-03  0.000e+00  0.000e+00  0.000e+00  0.000e+00  0.000e+00  1.490e-02  6.036e-02
 3.3400 -1.80006e-03  7.732e-05 -1.877e-03 -1.877e-03  0.000e+00  0.000e+00 -1.877e-03  0.000e+00  0.000e+00  0.000e+00  0.000e+00  0.000e+00  1.297e-02  5.990e-02
 3.3600 -1.80006e-03  6.669e-05 -1.867e-03 -1.867e-03  0.000e+00  0.000e+00 -1.867e-03  0.000e+00  0.000e+00  0.000e+00  0.000e+00  0.000e+00  1.119e-02  5.947e-02
 3.3800 -1.80006e-03  5.691e-05 -1.857e-03 -1.857e-03  0.000e+00  0.000e+00 -1.857e-03  0.000e+00  0.000e+00  0.000e+00  0.000e+00  0.000e+00  9.546e-03  5.907e-02
 3.4000 -1.80006e-03  4.795e-05 -1.848e-03 -1.848e-03  0.000e+00  0.000e+00 -1.848e-03  0.000e+00  0.000e+00  0.000e+00  0.000e+00  0.000e+00  8.043e-03  5.871e-02
 3.4200 -1.80006e-03  3.980e-05 -1.840e-03 -1.840e-03  0.000e+00  0.000e+00 -1.840e-03  0.000e+00  0.000e+00  0.000e+00  0.000e+00  0.000e+00  6.676e-03  5.837e-02
 3.4400 -1.80006e-03  3.244e-05 -1.833e-03 -1.833e-03  0.000e+00  0.000e+00 -1.833e-03  0.000e+00  0.000e+00  0.000e+00  0.000e+00  0.000e+00  5.441e-03  5.807e-02
 3.4600 -1.80006e-03  2.586e-05 -1.826e-03 -1.826e-03  0.000e+00  0.000e+00 -1.826e-03  0.000e+00  0.000e+00  0.000e+00  0.000e+00  0.000e+00  4.337e-03  5.781e-02
 3.4800 -1.80006e-03  2.004e-05 -1.820e-03 -1.820e-03  0.000e+00  0.000e+00 -1.820e-03  0.000e+00  0.000e+00  0.000e+00  0.000e+00  0.000e+00  3.361e-03  5.757e-02
 3.5000 -1.80006e-03  1.498e-05 -1.815e-03 -1.815e-03  0.000e+00  0.000e+00 -1.815e-03  0.000e+00  0.000e+00  0.000e+00  0.000e+00  0.000e+00  2.513e-03  5.736e-02
 3.5200 -1.80006e-03  1.067e-05 -1.811e-03 -1.811e-03  0.000e+00  0.000e+00 -1.811e-03  0.000e+00  0.000e+00  0.000e+00  0.000e+00  0.000e+00  1.789e-03  5.719e-02
 3.5400 -1.80006e-03  7.091e-06 -1.807e-03 -1.807e-03  0.000e+00  0.000e+00 -1.807e-03  0.000e+00  0.000e+00  0.000e+00  0.000e+00  0.000e+00  1.189e-03  5.704e-02
 3.5600 -1.80006e-03  4.248e-06 -1.804e-03 -1.804e-03  0.000e+00  0.000e+00 -1.804e-03  0.000e+00  0.000e+00  0.000e+00  0.000e+00  0.000e+00  7.126e-04  5.693e-02
 3.5800 -1.80006e-03  2.132e-06 -1.802e-03 -1.802e-03  0.000e+00  0.000e+00 -1.802e-03  0.000e+00  0.000e+00  0.000e+00  0.000e+00  0.000e+00  3.576e-04  5.684e-02
 3.6000 -1.80006e-03  7.395e-07 -1.801e-03 -1.801e-03  0.000e+00  0.000e+00 -1.801e-03  0.000e+00  0.000e+00  0.000e+00  0.000e+00  0.000e+00  1.240e-04  5.678e-02
 3.6200 -1.80006e-03  6.766e-08 -1.800e-03 -1.800e-03  0.000e+00  0.000e+00 -1.800e-03  0.000e+00  0.000e+00  0.000e+00  0.000e+00  0.000e+00  1.135e-05  5.676e-02
 3.6400 -1.80006e-03  1.153e-07 -1.800e-03 -1.800e-03  0.000e+00  0.000e+00 -1.800e-03  0.000e+00  0.000e+00  0.000e+00  0.000e+00  0.000e+00  1.935e-05  5.676e-02
 3.6600 -1.80006e-03  8.826e-07 -1.801e-03 -1.801e-03  0.000e+00  0.000e+00 -1.801e-03  0.000e+00  0.000e+00  0.000e+00  0.000e+00  0.000e+00  1.481e-04  5.679e-02
 3.6800 -1.80006e-03  2.371e-06 -1.802e-03 -1.802e-03  0.000e+00  0.000e+00 -1.802e-03  0.000e+00  0.000e+00  0.000e+00  0.000e+00  0.000e+00  3.977e-04  5.685e-02
 3.7000 -1.80006e-03  4.583e-06 -1.805e-03 -1.805e-03  0.000e+00  0.000e+00 -1.805e-03  0.000e+00  0.000e+00  0.000e+00  0.000e+00  0.000e+00  7.687e-04  5.694e-02
 3.7200 -1.80006e-03  7.522e-06 -1.808e-03 -1.808e-03  0.000e+00  0.000e+00 -1.808e-03  0.000e+00  0.000e+00  0.000e+00  0.000e+00  0.000e+00  1.262e-03  5.706e-02
 3.7400 -1.80006e-03  1.119e-05 -1.811e-03 -1.811e-03  0.000e+00  0.000e+00 -1.811e-03  0.000e+00  0.000e+00  0.000e+00  0.000e+00  0.000e+00  1.878e-03  5.721e-02
 3.7600 -1.80006e-03  1.561e-05 -1.816e-03 -1.816e-03  0.000e+00  0.000e+00 -1.816e-03  0.000e+00  0.000e+00  0.000e+00  0.000e+00  0.000e+00  2.618e-03  5.739e-02
 3.7800 -1.80006e-03  2.077e-05 -1.821e-03 -1.821e-03  0.000e+00  0.000e+00 -1.821e-03  0.000e+00  0.000e+00  0.000e+00  0.000e+00  0.000e+00  3.483e-03  5.760e-02
 3.8000 -1.80006e-03  2.668e-05 -1.827e-03 -1.827e-03  0.000e+00  0.000e+00 -1.827e-03  0.000e+00  0.000e+00  0.000e+00  0.000e+00  0.000e+00  4.476e-03  5.784e-02
 3.8200 -1.80006e-03  3.337e-05 -1.833e-03 -1.833e-03  0.000e+00  0.000e+00 -1.833e-03  0.000e+00  0.000e+00  0.000e+00  0.000e+00  0.000e+00  5.597e-03  5.811e-02
 3.8400 -1.80006e-03  4.083e-05 -1.841e-03 -1.841e-03  0.000e+00  0.000e+00 -1.841e-03  0.000e+00  0.000e+00  0.000e+00  0.000e+00  0.000e+00  6.849e-03  5.842e-02
 3.8600 -1.80006e-03  4.909e-05 -1.849e-03 -1.849e-03  0.000e+00  0.000e+00 -1.849e-03  0.000e+00  0.000e+00  0.000e+00  0.000e+00  0.000e+00  8.234e-03  5.875e-02
 3.8800 -1.80006e-03  5.816e-05 -1.858e-03 -1.858e-03  0.000e+00  0.000e+00 -1.858e-03  0.000e+00  0.000e+00  0.000e+00  0.000e+00  0.000e+00  9.755e-03  5.912e-02
 3.9000 -1.80006e-03  6.805e-05 -1.868e-03 -1.868e-03  0.000e+00  0.000e+00 -1.868e-03  0.000e+00  0.000e+00  0.000e+00  0.000e+00  0.000e+00  1.141e-02  5.952e-02
 3.9200 -1.80006e-03  7.879e-05 -1.879e-03 -1.879e-03  0.000e+00  0.000e+00 -1.879e-03  0.000e+00  0.000e+00  0.000e+00  0.000e+00  0.000e+00  1.322e-02  5.996e-02
 3.9400 -1.80006e-03  9.039e-05 -1.890e-03 -1.890e-03  0.000e+00  0.000e+00 -1.890e-03  0.000e+00  0.000e+00  0.000e+00  0.000e+00  0.000e+00  1.516e-02  6.043e-02
 3.9600 -1.80006e-03  1.029e-04 -1.903e-03 -1.903e-03  0.000e+00  0.000e+00 -1.903e-03  0.000e+00  0.000e+00  0.000e+00  0.000e+00  0.000e+00  1.726e-02  6.094e-02
 3.9800 -1.80006e-03  1.163e-04 -1.916e-03 -1.916e-03  0.000e+00  0.000e+00 -1.916e-03  0.000e+00  0.000e+00  0.000e+00  0.000e+00  0.000e+00  1.951e-02  6.148e-02
 4.0000 -1.80006e-03  1.306e-04 -1.931e-03 -1.931e-03  0.000e+00  0.000e+00 -1.931e-03  0.000e+00  0.000e+00  0.000e+00  0.000e+00  0.000e+00  2.191e-02  6.206e-02
 4.0200 -1.80006e-03  1.459e-04 -1.946e-03 -1.946e-03  0.000e+00  0.000e+00 -1.946e-03  0.000e+00  0.000e+00  0.000e+00  0.000e+00  0.000e+00  2.448e-02  6.268e-02
 4.0400 -1.80006e-03  1.623e-04 -1.962e-03 -1.962e-03  0.000e+00  0.000e+00 -1.962e-03  0.000e+00  0.000e+00  0.000e+00  0.000e+00  0.000e+00  2.722e-02  6.334e-02
 4.0600 -1.80006e-03  1.796e-04 -1.980e-03 -1.980e-03  0.000e+00  0.000e+00 -1.980e-03  0.000e+00  0.000e+00  0.000e+00  0.000e+00  0.000e+00  3.013e-02  6.404e-02
 4.0800 -1.80006e-03  1.980e-04 -1.998e-03 -1.998e-03  0.000e+00  0.000e+00 -1.998e-03  0.000e+00  0.000e+00  0.000e+00  0.000e+00  0.000e+00  3.322e-02  6.478e-02
 4.1000 -1.80006e-03  2.175e-04 -2.018e-03 -2.018e-03  0.000e+00  0.000e+00 -2.018e-03  0.000e+00  0.000e+00  0.000e+00  0.000e+00  0.000e+00  3.649e-02  6.557e-02
 4.1200 -1.80006e-03  2.382e-04 -2.038e-03 -2.038e-03  0.000e+00  0.000e+00 -2.038e-03  0.000e+00  0.000e+00  0.000e+00  0.000e+00  0.000e+00  3.996e-02  6.640e-02
 4.1400 -1.80006e-03  2.601e-04 -2.060e-03 -2.060e-03  0.000e+00  0.000e+00 -2.060e-03  0.000e+00  0.000e+00  0.000e+00  0.000e+00  0.000e+00  4.362e-02  6.728e-02
 4.1600 -1.80006e-03  2.832e-04 -2.083e-03 -2.083e-03  0.000e+00  0.000e+00 -2.083e-03  0.000e+00  0.000e+00  0.000e+00  0.000e+00  0.000e+00  4.750e-02  6.821e-02
 4.1800 -1.80006e-03  3.076e-04 -2.108e-03 -2.108e-03  0.000e+00  0.000e+00 -2.108e-03  0.000e+00  0.000e+00  0.000e+00  0.000e+00  0.000e+00  5.159e-02  6.919e-02
 4.2000 -1.80006e-03  3.333e-04 -2.133e-03 -2.133e-03  0.000e+00  0.000e+00 -2.133e-03  0.000e+00  0.000e+00  0.000e+00  0.000e+00  0.000e+00  5.591e-02  7.022e-02
 4.2200 -1.80006e-03  3.605e-04 -2.161e-03 -2.161e-03  0.000e+00  0.000e+00 -2.161e-03  0.000e+00  0.000e+00  0.000e+00  0.000e+00  0.000e+00  6.047e-02  7.130e-02
 4.2400 -1.80006e-03  3.892e-04 -2.189e-03 -2.189e-03  0.000e+00  0.000e+00 -2.189e-03  0.000e+00  0.000e+00  0.000e+00  0.000e+00  0.000e+00  6.528e-02  7.245e-02
 4.2600 -1.80006e-03  4.193e-04 -2.219e-03 -2.219e-03  0.000e+00  0.000e+00 -2.219e-03  0.000e+00  0.000e+00  0.000e+00  0.000e+00  0.000e+00  7.034e-02  7.365e-02
 4.2800 -1.80006e-03  4.512e-04 -2.251e-03 -2.251e-03  0.000e+00  0.000e+00 -2.251e-03  0.000e+00  0.000e+00  0.000e+00  0.000e+00  0.000e+00  7.568e-02  7.491e-02
 4.3000 -1.80006e-03  4.847e-04 -2.285e-03 -2.285e-03  0.000e+00  0.000e+00 -2.285e-03  0.000e+00  0.000e+00  0.000e+00  0.000e+00  0.000e+00  8.130e-02  7.624e-02
 4.3200 -1.80006e-03  5.200e-04 -2.320e-03 -2.320e-03  0.000e+00  0.000e+00 -2.320e-03  0.000e+00  0.000e+00  0.000e+00  0.000e+00  0.000e+00  8.722e-02  7.764e-02
 4.3400 -1.80006e-03  5.572e-04 -2.357e-03 -2.357e-03  0.000e+00  0.000e+00 -2.357e-03  0.000e+00  0.000e+00  0.000e+00  0.000e+00  0.000e+00  9.346e-02  7.911e-02
 4.3600 -1.80006e-03  5.964e-04 -2.396e-03 -2.396e-03  0.000e+00  0.000e+00 -2.396e-03  0.000e+00  0.000e+00  0.000e+00  0.000e+00  0.000e+00  1.000e-01  8.065e-02
 4.3800 -1.80006e-03  6.376e-04 -2.438e-03 -2.438e-03  0.000e+00  0.000e+00 -2.438e-03  0.000e+00  0.000e+00  0.000e+00  0.000e+00  0.000e+00  1.070e-01  8.228e-02
 4.4000 -1.80006e-03  6.811e-04 -2.481e-03 -2.481e-03  0.000e+00  0.000e+00 -2.481e-03  0.000e+00  0.000e+00  0.000e+00  0.000e+00  0.000e+00  1.143e-01  8.398e-02
 4.4200 -1.80006e-03  7.270e-04 -2.527e-03 -2.527e-03  0.000e+00  0.000e+00 -2.527e-03  0.000e+00  0.000e+00  0.000e+00  0.000e+00  0.000e+00  1.219e-01  8.577e-02
 4.4400 -1.80006e-03  7.753e-04 -2.575e-03 -2.575e-03  0.000e+00  0.000e+00 -2.575e-03  0.000e+00  0.000e+00  0.000e+00  0.000e+00  0.000e+00  1.300e-01  8.766e-02
 4.4600 -1.80006e-03  8.262e-04 -2.626e-03 -2.626e-03  0.000e+00  0.000e+00 -2.626e-03  0.000e+00  0.000e+00  0.000e+00  0.000e+00  0.000e+00  1.386e-01  8.963e-02
 4.4800 -1.80006e-03  8.799e-04 -2.680e-03 -2.680e-03  0.000e+00  0.000e+00 -2.680e-03  0.000e+00  0.000e+00  0.000e+00  0.000e+00  0.000e+00  1.476e-01  9.171e-02
 4.5000 -1.80006e-03  9.366e-04 -2.737e-03 -2.737e-03  0.000e+00  0.000e+00 -2.737e-03  0.000e+00  0.000e+00  0.000e+00  0.000e+00  0.000e+00  1.571e-01  9.390e-02
 4.5200 -1.80006e-03  9.964e-04 -2.796e-03 -2.796e-03  0.000e+00  0.000e+00 -2.796e-03  0.000e+00  0.000e+00  0.000e+00  0.000e+00  0.000e+00  1.671e-01  9.619e-02
 4.5400 -1.80006e-03  1.060e-03 -2.860e-03 -2.860e-03  0.000e+00  0.000e+00 -2.860e-03  0.000e+00  0.000e+00  0.000e+00  0.000e+00  0.000e+00  1.777e-01  9.861e-02
 4.5600 -1.80006e-03  1.126e-03 -2.926e-03 -2.926e-03  0.000e+00  0.000e+00 -2.926e-03  0.000e+00  0.000e+00  0.000e+00  0.000e+00  0.000e+00  1.889e-01  1.011e-01
 4.5800 -1.80006e-03  1.197e-03 -2.997e-03 -2.997e-03  0.000e+00  0.000e+00 -2.997e-03  0.000e+00  0.000e+00  0.000e+00  0.000e+00  0.000e+00  2.008e-01  1.038e-01
 4.6000 -1.80006e-03  1.272e-03 -3.072e-03 -3.072e-03  0.000e+00  0.000e+00 -3.072e-03  0.000e+00  0.000e+00  0.000e+00  0.000e+00  0.000e+00  2.133e-01  1.066e-01
 4.6200 -1.80006e-03  1.350e-03 -3.151e-03 -3.151e-03  0.000e+00  0.000e+00 -3.151e-03  0.000e+00  0.000e+00  0.000e+00  0.000e+00  0.000e+00  2.265e-01  1.096e-01
 4.6400 -1.80006e-03  1.434e-03 -3.234e-03 -3.234e-03  0.000e+00  0.000e+00 -3.234e-03  0.000e+00  0.000e+00  0.000e+00  0.000e+00  0.000e+00  2.406e-01  1.127e-01
 4.6600 -1.80006e-03  1.523e-03 -3.323e-03 -3.323e-03  0.000e+00  0.000e+00 -3.323e-03  0.000e+00  0.000e+00  0.000e+00  0.000e+00  0.000e+00  2.554e-01  1.160e-01
 4.6800 -1.80006e-03  1.617e-03 -3.417e-03 -3.417e-03  0.000e+00  0.000e+00 -3.417e-03  0.000e+00  0.000e+00  0.000e+00  0.000e+00  0.000e+00  2.712e-01  1.194e-01
 4.7000 -1.80006e-03  1.717e-03 -3.517e-03 -3.517e-03  0.000e+00  0.000e+00 -3.517e-03  0.000e+00  0.000e+00  0.000e+00  0.000e+00  0.000e+00  2.879e-01  1.231e-01
 4.7200 -1.80006e-03  1.823e-03 -3.623e-03 -3.623e-03  0.000e+00  0.000e+00 -3.623e-03  0.000e+00  0.000e+00  0.000e+00  0.000e+00  0.000e+00  3.057e-01  1.269e-01
 4.7400 -1.80006e-03  1.935e-03 -3.735e-03 -3.735e-03  0.000e+00  0.000e+00 -3.735e-03  0.000e+00  0.000e+00  0.000e+00  0.000e+00  0.000e+00  3.246e-01  1.309e-01
 4.7600 -1.80006e-03  2.055e-03 -3.855e-03 -3.855e-03  0.000e+00  0.000e+00 -3.855e-03  0.000e+00  0.000e+00  0.000e+00  0.000e+00  0.000e+00  3.447e-01  1.351e-01
 4.7800 -1.80006e-03  2.183e-03 -3.983e-03 -3.983e-03  0.000e+00  0.000e+00 -3.983e-03  0.000e+00  0.000e+00  0.000e+00  0.000e+00  0.000e+00  3.661e-01  1.396e-01
 4.8000 -1.80006e-03  2.319e-03 -4.119e-03 -4.119e-03  0.000e+00  0.000e+00 -4.119e-03  0.000e+00  0.000e+00  0.000e+00  0.000e+00  0.000e+00  3.889e-01  1.442e-01
 4.8200 -1.80006e-03  2.463e-03 -4.264e-03 -4.264e-03  0.000e+00  0.000e+00 -4.264e-03  0.000e+00  0.000e+00  0.000e+00  0.000e+00  0.000e+00  4.132e-01  1.491e-01
 4.8400 -1.80006e-03  2.618e-03 -4.418e-03 -4.418e-03  0.000e+00  0.000e+00 -4.418e-03  0.000e+00  0.000e+00  0.000e+00  0.000e+00  0.000e+00  4.392e-01  1.543e-01
 4.8600 -1.80006e-03  2.783e-03 -4.583e-03 -4.583e-03  0.000e+00  0.000e+00 -4.583e-03  0.000e+00  0.000e+00  0.000e+00  0.000e+00  0.000e+00  4.669e-01  1.597e-01
 4.8800 -1.80006e-03  2.960e-03 -4.760e-03 -4.760e-03  0.000e+00  0.000e+00 -4.760e-03  0.000e+00  0.000e+00  0.000e+00  0.000e+00  0.000e+00  4.964e-01  1.653e-01
 4.9000 -1.80006e-03  3.148e-03 -4.948e-03 -4.948e-03  0.000e+00  0.000e+00 -4.948e-03  0.000e+00  0.000e+00  0.000e+00  0.000e+00  0.000e+00  5.281e-01  1.712e-01
 4.9200 -1.80006e-03  3.350e-03 -5.150e-03 -5.150e-03  0.000e+00  0.000e+00 -5.150e-03  0.000e+00  0.000e+00  0.000e+00  0.000e+00  0.000e+00  5.619e-01  1.773e-01
 4.9400 -1.80006e-03  3.565e-03 -5.365e-03 -5.365e-03  0.000e+00  0.000e+00 -5.365e-03  0.000e+00  0.000e+00  0.000e+00  0.000e+00  0.000e+00  5.980e-01  1.836e-01
 4.9600 -1.80006e-03  3.796e-03 -5.596e-03 -5.596e-03  0.000e+00  0.000e+00 -5.596e-03  0.000e+00  0.000e+00  0.000e+00  0.000e+00  0.000e+00  6.367e-01  1.901e-01
 4.9800 -1.80006e-03  4.042e-03 -5.842e-03 -5.842e-03  0.000e+00  0.000e+00 -5.842e-03  0.000e+00  0.000e+00  0.000e+00  0.000e+00  0.000e+00  6.780e-01  1.966e-01
 5.0000 -1.80006e-03  4.305e-03 -6.105e-03 -6.105e-03  0.000e+00  0.000e+00 -6.105e-03  0.000e+00  0.000e+00  0.000e+00  0.000e+00  0.000e+00  7.222e-01  2.033e-01
 5.0200 -1.80006e-03  4.586e-03 -6.386e-03 -6.386e-03  0.000e+00  0.000e+00 -6.386e-03  0.000e+00  0.000e+00  0.000e+00  0.000e+00  0.000e+00  7.692e-01  2.098e-01
 5.0400 -1.80006e-03  4.884e-03 -6.684e-03 -6.684e-03  0.000e+00  0.000e+00 -6.684e-03  0.000e+00  0.000e+00  0.000e+00  0.000e+00  0.000e+00  8.193e-01  2.161e-01
 5.0600 -1.80006e-03  5.201e-03 -7.001e-03 -7.001e-03  0.000e+00  0.000e+00 -7.001e-03  0.000e+00  0.000e+00  0.000e+00  0.000e+00  0.000e+00  8.723e-01  2.219e-01
 5.0800 -1.80006e-03  5.534e-03 -7.334e-03 -7.334e-03  0.000e+00  0.000e+00 -7.334e-03  0.000e+00  0.000e+00  0.000e+00  0.000e+00  0.000e+00  9.283e-01  2.269e-01
 5.1000 -1.80006e-03  5.884e-03 -7.684e-03 -7.684e-03  0.000e+00  0.000e+00 -7.684e-03  0.000e+00  0.000e+00  0.000e+00  0.000e+00  0.000e+00  9.869e-01  2.307e-01
 5.1200 -1.80006e-03  6.246e-03 -8.046e-03 -8.046e-03  0.000e+00  0.000e+00 -8.046e-03  0.000e+00  0.000e+00  0.000e+00  0.000e+00  0.000e+00  1.048e+00  2.327e-01
 5.1400 -1.80006e-03  6.617e-03 -8.417e-03 -8.417e-03  0.000e+00  0.000e+00 -8.417e-03  0.000e+00  0.000e+00  0.000e+00  0.000e+00  0.000e+00  1.110e+00  2.321e-01
 5.1600 -1.80007e-03  6.987e-03 -8.787e-03 -8.787e-03  0.000e+00  0.000e+00 -8.787e-03  0.000e+00  0.000e+00  0.000e+00  0.000e+00  0.000e+00  1.172e+00  2.278e-01
 5.1800 -1.80007e-03  7.346e-03 -9.146e-03 -9.146e-03  0.000e+00  0.000e+00 -9.146e-03  0.000e+00  0.000e+00  0.000e+00  0.000e+00  0.000e+00  1.232e+00  2.184e-01
 5.2000 -1.80007e-03  7.676e-03 -9.476e-03 -9.476e-03  0.000e+00  0.000e+00 -9.476e-03  0.000e+00  0.000e+00  0.000e+00  0.000e+00  0.000e+00  1.288e+00  2.020e-01
 5.2200 -1.80007e-03  7.952e-03 -9.752e-03 -9.752e-03  0.000e+00  0.000e+00 -9.752e-03  0.000e+00  0.000e+00  0.000e+00  0.000e+00  0.000e+00  1.334e+00  1.760e-01
 5.2400 -1.80007e-03  8.141e-03 -9.941e-03 -9.941e-03  0.000e+00  0.000e+00 -9.941e-03  0.000e+00  0.000e+00  0.000e+00  0.000e+00  0.000e+00  1.366e+00  1.371e-01
 5.2600 -1.80007e-03  8.198e-03 -9.998e-03 -9.998e-03  0.000e+00  0.000e+00 -9.998e-03  0.000e+00  0.000e+00  0.000e+00  0.000e+00  0.000e+00  1.375e+00  8.160e-02
 5.2800 -1.80008e-03  8.070e-03 -9.870e-03 -9.870e-03  0.000e+00  0.000e+00 -9.870e-03  0.000e+00  0.000e+00  0.000e+00  0.000e+00  0.000e+00  1.354e+00  4.826e-03
 5.3000 -1.80008e-03  7.694e-03 -9.494e-03 -9.494e-03  0.000e+00  0.000e+00 -9.494e-03  0.000e+00  0.000e+00  0.000e+00  0.000e+00  0.000e+00  1.291e+00 -9.775e-02
 5.3200 -1.80008e-03  7.014e-03 -8.814e-03 -8.814e-03  0.000e+00  0.000e+00 -8.814e-03  0.000e+00  0.000e+00  0.000e+00  0.000e+00  0.000e+00  1.177e+00 -2.296e-01
 5.3400 -1.80008e-03  5.997e-03 -7.798e-03 -7.798e-03  0.000e+00  0.000e+00 -7.798e-03  0.000e+00  0.000e+00  0.000e+00  0.000e+00  0.000e+00  1.006e+00 -3.912e-01
 5.3600 -1.80008e-03  4.670e-03 -6.470e-03 -6.470e-03  0.000e+00  0.000e+00 -6.470e-03  0.000e+00  0.000e+00  0.000e+00  0.000e+00  0.000e+00  7.833e-01 -5.768e-01
 5.3800 -1.80007e-03  3.148e-03 -4.948e-03 -4.948e-03  0.000e+00  0.000e+00 -4.948e-03  0.000e+00  0.000e+00  0.000e+00  0.000e+00  0.000e+00  5.281e-01 -7.719e-01
 5.4000 -1.80006e-03  1.663e-03 -3.463e-03 -3.463e-03  0.000e+00  0.000e+00 -3.463e-03  0.000e+00  0.000e+00  0.000e+00  0.000e+00  0.000e+00  2.789e-01 -9.517e-01
 5.4200 -1.80005e-03  5.210e-04 -2.321e-03 -2.321e-03  0.000e+00  0.000e+00 -2.321e-03  0.000e+00  0.000e+00  0.000e+00  0.000e+00  0.000e+00  8.740e-02 -1.085e+00
 5.4400 -1.80004e-03  1.059e-05 -1.811e-03 -1.811e-03  0.000e+00  0.000e+00 -1.811e-03  0.000e+00  0.000e+00  0.000e+00  0.000e+00  0.000e+00  1.777e-03 -1.144e+00
 5.4600 -1.80005e-03  2.742e-04 -2.074e-03 -2.074e-03  0.000e+00  0.000e+00 -2.074e-03  0.000e+00  0.000e+00  0.000e+00  0.000e+00  0.000e+00  4.599e-02 -1.113e+00
 5.4800 -1.80006e-03  1.237e-03 -3.037e-03 -3.037e-03  0.000e+00  0.000e+00 -3.037e-03  0.000e+00  0.000e+00  0.000e+00  0.000e+00  0.000e+00  2.075e-01 -1.002e+00
 5.5000 -1.80007e-03  2.646e-03 -4.446e-03 -4.446e-03  0.000e+00  0.000e+00 -4.446e-03  0.000e+00  0.000e+00  0.000e+00  0.000e+00  0.000e+00  4.438e-01 -8.337e-01
 5.5200 -1.80008e-03  4.186e-03 -5.986e-03 -5.986e-03  0.000e+00  0.000e+00 -5.986e-03  0.000e+00  0.000e+00  0.000e+00  0.000e+00  0.000e+00  7.021e-01 -6.404e-01
 5.5400 -1.80008e-03  5.595e-03 -7.395e-03 -7.395e-03  0.000e+00  0.000e+00 -7.395e-03  0.000e+00  0.000e+00  0.000e+00  0.000e+00  0.000e+00  9.385e-01 -4.496e-01
 5.5600 -1.80008e-03  6.720e-03 -8.520e-03 -8.520e-03  0.000e+00  0.000e+00 -8.520e-03  0.000e+00  0.000e+00  0.000e+00  0.000e+00  0.000e+00  1.127e+00 -2.792e-01
 5.5800 -1.80008e-03  7.508e-03 -9.308e-03 -9.308e-03  0.000e+00  0.000e+00 -9.308e-03  0.000e+00  0.000e+00  0.000e+00  0.000e+00  0.000e+00  1.259e+00 -1.374e-01
 5.6000 -1.80008e-03  7.977e-03 -9.777e-03 -9.777e-03  0.000e+00  0.000e+00 -9.777e-03  0.000e+00  0.000e+00  0.000e+00  0.000e+00  0.000e+00  1.338e+00 -2.559e-02
 5.6200 -1.80008e-03  8.180e-03 -9.980e-03 -9.980e-03  0.000e+00  0.000e+00 -9.980e-03  0.000e+00  0.000e+00  0.000e+00  0.000e+00  0.000e+00  1.372e+00  5.912e-02
 5.6400 -1.80007e-03  8.176e-03 -9.976e-03 -9.976e-03  0.000e+00  0.000e+00 -9.976e-03  0.000e+00  0.000e+00  0.000e+00  0.000e+00  0.000e+00  1.371e+00  1.211e-01
 5.6600 -1.80007e-03  8.025e-03 -9.825e-03 -9.825e-03  0.000e+00  0.000e+00 -9.825e-03  0.000e+00  0.000e+00  0.000e+00  0.000e+00  0.000e+00  1.346e+00  1.649e-01
 5.6800 -1.80007e-03  7.773e-03 -9.573e-03 -9.573e-03  0.000e+00  0.000e+00 -9.573e-03  0.000e+00  0.000e+00  0.000e+00  0.000e+00  0.000e+00  1.304e+00  1.947e-01
 5.7000 -1.80007e-03  7.458e-03 -9.258e-03 -9.258e-03  0.000e+00  0.000e+00 -9.258e-03  0.000e+00  0.000e+00  0.000e+00  0.000e+00  0.000e+00  1.251e+00  2.140e-01
 5.7200 -1.80007e-03  7.106e-03 -8.906e-03 -8.906e-03  0.000e+00  0.000e+00 -8.906e-03  0.000e+00  0.000e+00  0.000e+00  0.000e+00  0.000e+00  1.192e+00  2.254e-01
 5.7400 -1.80006e-03  6.738e-03 -8.538e-03 -8.538e-03  0.000e+00  0.000e+00 -8.538e-03  0.000e+00  0.000e+00  0.000e+00  0.000e+00  0.000e+00  1.130e+00  2.312e-01
 5.7600 -1.80006e-03  6.367e-03 -8.167e-03 -8.167e-03  0.000e+00  0.000e+00 -8.167e-03  0.000e+00  0.000e+00  0.000e+00  0.000e+00  0.000e+00  1.068e+00  2.328e-01
 5.7800 -1.80006e-03  6.001e-03 -7.801e-03 -7.801e-03  0.000e+00  0.000e+00 -7.801e-03  0.000e+00  0.000e+00  0.000e+00  0.000e+00  0.000e+00  1.007e+00  2.316e-01
 5.8000 -1.80006e-03  5.647e-03 -7.447e-03 -7.447e-03  0.000e+00  0.000e+00 -7.447e-03  0.000e+00  0.000e+00  0.000e+00  0.000e+00  0.000e+00  9.472e-01  2.283e-01
 5.8200 -1.80006e-03  5.308e-03 -7.108e-03 -7.108e-03  0.000e+00  0.000e+00 -7.108e-03  0.000e+00  0.000e+00  0.000e+00  0.000e+00  0.000e+00  8.903e-01  2.236e-01
 5.8400 -1.80006e-03  4.985e-03 -6.785e-03 -6.785e-03  0.000e+00  0.000e+00 -6.785e-03  0.000e+00  0.000e+00  0.000e+00  0.000e+00  0.000e+00  8.362e-01  2.180e-01
 5.8600 -1.80006e-03  4.681e-03 -6.481e-03 -6.481e-03  0.000e+00  0.000e+00 -6.481e-03  0.000e+00  0.000e+00  0.000e+00  0.000e+00  0.000e+00  7.852e-01  2.119e-01
 5.8800 -1.80006e-03  4.395e-03 -6.195e-03 -6.195e-03  0.000e+00  0.000e+00 -6.195e-03  0.000e+00  0.000e+00  0.000e+00  0.000e+00  0.000e+00  7.372e-01  2.054e-01
 5.9000 -1.80006e-03  4.126e-03 -5.926e-03 -5.926e-03  0.000e+00  0.000e+00 -5.926e-03  0.000e+00  0.000e+00  0.000e+00  0.000e+00  0.000e+00  6.921e-01  1.988e-01
 5.9200 -1.80006e-03  3.874e-03 -5.674e-03 -5.674e-03  0.000e+00  0.000e+00 -5.674e-03  0.000e+00  0.000e+00  0.000e+00  0.000e+00  0.000e+00  6.499e-01  1.922e-01
 5.9400 -1.80006e-03  3.639e-03 -5.439e-03 -5.439e-03  0.000e+00  0.000e+00 -5.439e-03  0.000e+00  0.000e+00  0.000e+00  0.000e+00  0.000e+00  6.104e-01  1.857e-01
 5.9600 -1.80006e-03  3.418e-03 -5.218e-03 -5.218e-03  0.000e+00  0.000e+00 -5.218e-03  0.000e+00  0.000e+00  0.000e+00  0.000e+00  0.000e+00  5.734e-01  1.793e-01
 5.9800 -1.80006e-03  3.212e-03 -5.012e-03 -5.012e-03  0.000e+00  0.000e+00 -5.012e-03  0.000e+00  0.000e+00  0.000e+00  0.000e+00  0.000e+00  5.388e-01  1.732e-01
 6.0000 -1.80006e-03  3.020e-03 -4.820e-03 -4.820e-03  0.000e+00  0.000e+00 -4.820e-03  0.000e+00  0.000e+00  0.000e+00  0.000e+00  0.000e+00  5.065e-01  1.672e-01
 6.0200 -1.80006e-03  2.839e-03 -4.640e-03 -4.640e-03  0.000e+00  0.000e+00 -4.640e-03  0.000e+00  0.000e+00  0.000e+00  0.000e+00  0.000e+00  4.763e-01  1.615e-01
 6.0400 -1.80006e-03  2.671e-03 -4.471e-03 -4.471e-03  0.000e+00  0.000e+00 -4.471e-03  0.000e+00  0.000e+00  0.000e+00  0.000e+00  0.000e+00  4.480e-01  1.560e-01
 6.0600 -1.80006e-03  2.513e-03 -4.313e-03 -4.313e-03  0.000e+00  0.000e+00 -4.313e-03  0.000e+00  0.000e+00  0.000e+00  0.000e+00  0.000e+00  4.215e-01  1.508e-01
 6.0800 -1.80006e-03  2.365e-03 -4.165e-03 -4.165e-03  0.000e+00  0.000e+00 -4.165e-03  0.000e+00  0.000e+00  0.000e+00  0.000e+00  0.000e+00  3.967e-01  1.458e-01
 6.1000 -1.80006e-03  2.226e-03 -4.026e-03 -4.026e-03  0.000e+00  0.000e+00 -4.026e-03  0.000e+00  0.000e+00  0.000e+00  0.000e+00  0.000e+00  3.734e-01  1.411e-01
 6.1200 -1.80006e-03  2.096e-03 -3.896e-03 -3.896e-03  0.000e+00  0.000e+00 -3.896e-03  0.000e+00  0.000e+00  0.000e+00  0.000e+00  0.000e+00  3.516e-01  1.365e-01
 6.1400 -1.80006e-03  1.974e-03 -3.774e-03 -3.774e-03  0.000e+00  0.000e+00 -3.774e-03  0.000e+00  0.000e+00  0.000e+00  0.000e+00  0.000e+00  3.310e-01  1.322e-01
 6.1600 -1.80006e-03  1.859e-03 -3.659e-03 -3.659e-03  0.000e+00  0.000e+00 -3.659e-03  0.000e+00  0.000e+00  0.000e+00  0.000e+00  0.000e+00  3.118e-01  1.282e-01
 6.1800 -1.80006e-03  1.750e-03 -3.551e-03 -3.551e-03  0.000e+00  0.000e+00 -3.551e-03  0.000e+00  0.000e+00  0.000e+00  0.000e+00  0.000e+00  2.936e-01  1.243e-01
 6.2000 -1.80006e-03  1.649e-03 -3.449e-03 -3.449e-03  0.000e+00  0.000e+00 -3.449e-03  0.000e+00  0.000e+00  0.000e+00  0.000e+00  0.000e+00  2.766e-01  1.206e-01
 6.2200 -1.80006e-03  1.553e-03 -3.353e-03 -3.353e-03  0.000e+00  0.000e+00 -3.353e-03  0.000e+00  0.000e+00  0.000e+00  0.000e+00  0.000e+00  2.605e-01  1.171e-01
 6.2400 -1.80006e-03  1.463e-03 -3.263e-03 -3.263e-03  0.000e+00  0.000e+00 -3.263e-03  0.000e+00  0.000e+00  0.000e+00  0.000e+00  0.000e+00  2.453e-01  1.137e-01
 6.2600 -1.80006e-03  1.377e-03 -3.177e-03 -3.177e-03  0.000e+00  0.000e+00 -3.177e-03  0.000e+00  0.000e+00  0.000e+00  0.000e+00  0.000e+00  2.310e-01  1.106e-01
 6.2800 -1.80006e-03  1.297e-03 -3.097e-03 -3.097e-03  0.000e+00  0.000e+00 -3.097e-03  0.000e+00  0.000e+00  0.000e+00  0.000e+00  0.000e+00  2.175e-01  1.076e-01
 6.3000 -1.80006e-03  1.221e-03 -3.021e-03 -3.021e-03  0.000e+00  0.000e+00 -3.021e-03  0.000e+00  0.000e+00  0.000e+00  0.000e+00  0.000e+00  2.048e-01  1.047e-01
 6.3200 -1.80006e-03  1.149e-03 -2.949e-03 -2.949e-03  0.000e+00  0.000e+00 -2.949e-03  0.000e+00  0.000e+00  0.000e+00  0.000e+00  0.000e+00  1.927e-01  1.020e-01
 6.3400 -1.80006e-03  1.081e-03 -2.881e-03 -2.881e-03  0.000e+00  0.000e+00 -2.881e-03  0.000e+00  0.000e+00  0.000e+00  0.000e+00  0.000e+00  1.813e-01  9.942e-02
 6.3600 -1.80006e-03  1.017e-03 -2.817e-03 -2.817e-03  0.000e+00  0.000e+00 -2.817e-03  0.000e+00  0.000e+00  0.000e+00  0.000e+00  0.000e+00  1.705e-01  9.697e-02
 6.3800 -1.80006e-03  9.557e-04 -2.756e-03 -2.756e-03  0.000e+00  0.000e+00 -2.756e-03  0.000e+00  0.000e+00  0.000e+00  0.000e+00  0.000e+00  1.603e-01  9.463e-02
 6.4000 -1.80006e-03  8.981e-04 -2.698e-03 -2.698e-03  0.000e+00  0.000e+00 -2.698e-03  0.000e+00  0.000e+00  0.000e+00  0.000e+00  0.000e+00  1.506e-01  9.241e-02
 6.4200 -1.80006e-03  8.434e-04 -2.643e-03 -2.643e-03  0.000e+00  0.000e+00 -2.643e-03  0.000e+00  0.000e+00  0.000e+00  0.000e+00  0.000e+00  1.415e-01  9.030e-02
 6.4400 -1.80006e-03  7.916e-04 -2.592e-03 -2.592e-03  0.000e+00  0.000e+00 -2.592e-03  0.000e+00  0.000e+00  0.000e+00  0.000e+00  0.000e+00  1.328e-01  8.829e-02
 6.4600 -1.80006e-03  7.424e-04 -2.543e-03 -2.543e-03  0.000e+00  0.000e+00 -2.543e-03  0.000e+00  0.000e+00  0.000e+00  0.000e+00  0.000e+00  1.245e-01  8.638e-02
 6.4800 -1.80006e-03  6.958e-04 -2.496e-03 -2.496e-03  0.000e+00  0.000e+00 -2.496e-03  0.000e+00  0.000e+00  0.000e+00  0.000e+00  0.000e+00  1.167e-01  8.456e-02
 6.5000 -1.80006e-03  6.516e-04 -2.452e-03 -2.452e-03  0.000e+00  0.000e+00 -2.452e-03  0.000e+00  0.000e+00  0.000e+00  0.000e+00  0.000e+00  1.093e-01  8.282e-02
 6.5200 -1.80006e-03  6.096e-04 -2.410e-03 -2.410e-03  0.000e+00  0.000e+00 -2.410e-03  0.000e+00  0.000e+00  0.000e+00  0.000e+00  0.000e+00  1.023e-01  8.117e-02
 6.5400 -1.80006e-03  5.697e-04 -2.370e-03 -2.370e-03  0.000e+00  0.000e+00 -2.370e-03  0.000e+00  0.000e+00  0.000e+00  0.000e+00  0.000e+00  9.557e-02  7.961e-02
 6.5600 -1.80006e-03  5.319e-04 -2.332e-03 -2.332e-03  0.000e+00  0.000e+00 -2.332e-03  0.000e+00  0.000e+00  0.000e+00  0.000e+00  0.000e+00  8.922e-02  7.811e-02
 6.5800 -1.80006e-03  4.960e-04 -2.296e-03 -2.296e-03  0.000e+00  0.000e+00 -2.296e-03  0.000e+00  0.000e+00  0.000e+00  0.000e+00  0.000e+00  8.320e-02  7.669e-02
 6.6000 -1.80006e-03  4.619e-04 -2.262e-03 -2.262e-03  0.000e+00  0.000e+00 -2.262e-03  0.000e+00  0.000e+00  0.000e+00  0.000e+00  0.000e+00  7.748e-02  7.534e-02
 6.6200 -1.80006e-03  4.295e-04 -2.230e-03 -2.230e-03  0.000e+00  0.000e+00 -2.230e-03  0.000e+00  0.000e+00  0.000e+00  0.000e+00  0.000e+00  7.205e-02  7.405e-02
 6.6400 -1.80006e-03  3.988e-04 -2.199e-03 -2.199e-03  0.000e+00  0.000e+00 -2.199e-03  0.000e+00  0.000e+00  0.000e+00  0.000e+00  0.000e+00  6.690e-02  7.283e-02
 6.6600 -1.80006e-03  3.697e-04 -2.170e-03 -2.170e-03  0.000e+00  0.000e+00 -2.170e-03  0.000e+00  0.000e+00  0.000e+00  0.000e+00  0.000e+00  6.201e-02  7.167e-02
 6.6800 -1.80006e-03  3.420e-04 -2.142e-03 -2.142e-03  0.000e+00  0.000e+00 -2.142e-03  0.000e+00  0.000e+00  0.000e+00  0.000e+00  0.000e+00  5.737e-02  7.056e-02
 6.7000 -1.80006e-03  3.158e-04 -2.116e-03 -2.116e-03  0.000e+00  0.000e+00 -2.116e-03  0.000e+00  0.000e+00  0.000e+00  0.000e+00  0.000e+00  5.298e-02  6.952e-02
 6.7200 -1.80006e-03  2.910e-04 -2.091e-03 -2.091e-03  0.000e+00  0.000e+00 -2.091e-03  0.000e+00  0.000e+00  0.000e+00  0.000e+00  0.000e+00  4.881e-02  6.852e-02
 6.7400 -1.80006e-03  2.675e-04 -2.068e-03 -2.068e-03  0.000e+00  0.000e+00 -2.068e-03  0.000e+00  0.000e+00  0.000e+00  0.000e+00  0.000e+00  4.487e-02  6.758e-02
 6.7600 -1.80006e-03  2.452e-04 -2.045e-03 -2.045e-03  0.000e+00  0.000e+00 -2.045e-03  0.000e+00  0.000e+00  0.000e+00  0.000e+00  0.000e+00  4.113e-02  6.668e-02
 6.7800 -1.80006e-03  2.242e-04 -2.024e-03 -2.024e-03  0.000e+00  0.000e+00 -2.024e-03  0.000e+00  0.000e+00  0.000e+00  0.000e+00  0.000e+00  3.760e-02  6.583e-02
 6.8000 -1.80006e-03  2.043e-04 -2.004e-03 -2.004e-03  0.000e+00  0.000e+00 -2.004e-03  0.000e+00  0.000e+00  0.000e+00  0.000e+00  0.000e+00  3.426e-02  6.503e-02
 6.8200 -1.80006e-03  1.855e-04 -1.986e-03 -1.986e-03  0.000e+00  0.000e+00 -1.986e-03  0.000e+00  0.000e+00  0.000e+00  0.000e+00  0.000e+00  3.111e-02  6.428e-02
 6.8400 -1.80006e-03  1.678e-04 -1.968e-03 -1.968e-03  0.000e+00  0.000e+00 -1.968e-03  0.000e+00  0.000e+00  0.000e+00  0.000e+00  0.000e+00  2.815e-02  6.356e-02
 6.8600 -1.80006e-03  1.512e-04 -1.951e-03 -1.951e-03  0.000e+00  0.000e+00 -1.951e-03  0.000e+00  0.000e+00  0.000e+00  0.000e+00  0.000e+00  2.536e-02  6.289e-02
 6.8800 -1.80006e-03  1.355e-04 -1.936e-03 -1.936e-03  0.000e+00  0.000e+00 -1.936e-03  0.000e+00  0.000e+00  0.000e+00  0.000e+00  0.000e+00  2.273e-02  6.226e-02
 6.9000 -1.80006e-03  1.209e-04 -1.921e-03 -1.921e-03  0.000e+00  0.000e+00 -1.921e-03  0.000e+00  0.000e+00  0.000e+00  0.000e+00  0.000e+00  2.027e-02  6.166e-02
 6.9200 -1.80006e-03  1.072e-04 -1.907e-03 -1.907e-03  0.000e+00  0.000e+00 -1.907e-03  0.000e+00  0.000e+00  0.000e+00  0.000e+00  0.000e+00  1.797e-02  6.111e-02
 6.9400 -1.80006e-03  9.437e-05 -1.894e-03 -1.894e-03  0.000e+00  0.000e+00 -1.894e-03  0.000e+00  0.000e+00  0.000e+00  0.000e+00  0.000e+00  1.583e-02  6.059e-02
 6.9600 -1.80006e-03  8.248e-05 -1.883e-03 -1.883e-03  0.000e+00  0.000e+00 -1.883e-03  0.000e+00  0.000e+00  0.000e+00  0.000e+00  0.000e+00  1.384e-02  6.011e-02
 6.9800 -1.80006e-03  7.146e-05 -1.872e-03 -1.872e-03  0.000e+00  0.000e+00 -1.872e-03  0.000e+00  0.000e+00  0.000e+00  0.000e+00  0.000e+00  1.199e-02  5.966e-02
 7.0000 -1.80006e-03  6.129e-05 -1.861e-03 -1.861e-03  0.000e+00  0.000e+00 -1.861e-03  0.000e+00  0.000e+00  0.000e+00  0.000e+00  0.000e+00  1.028e-02  5.925e-02
 7.0200 -1.80006e-03  5.196e-05 -1.852e-03 -1.852e-03  0.000e+00  0.000e+00 -1.852e-03  0.000e+00  0.000e+00  0.000e+00  0.000e+00  0.000e+00  8.715e-03  5.887e-02
 7.0400 -1.80006e-03  4.344e-05 -1.844e-03 -1.844e-03  0.000e+00  0.000e+00 -1.844e-03  0.000e+00  0.000e+00  0.000e+00  0.000e+00  0.000e+00  7.286e-03  5.852e-02
 7.0600 -1.80006e-03  3.572e-05 -1.836e-03 -1.836e-03  0.000e+00  0.000e+00 -1.836e-03  0.000e+00  0.000e+00  0.000e+00  0.000e+00  0.000e+00  5.991e-03  5.821e-02
 7.0800 -1.80006e-03  2.878e-05 -1.829e-03 -1.829e-03  0.000e+00  0.000e+00 -1.829e-03  0.000e+00  0.000e+00  0.000e+00  0.000e+00  0.000e+00  4.827e-03  5.793e-02
 7.1000 -1.80006e-03  2.261e-05 -1.823e-03 -1.823e-03  0.000e+00  0.000e+00 -1.823e-03  0.000e+00  0.000e+00  0.000e+00  0.000e+00  0.000e+00  3.793e-03  5.767e-02
 7.1200 -1.80006e-03  1.721e-05 -1.817e-03 -1.817e-03  0.000e+00  0.000e+00 -1.817e-03  0.000e+00  0.000e+00  0.000e+00  0.000e+00  0.000e+00  2.886e-03  5.745e-02
 7.1400 -1.80006e-03  1.255e-05 -1.813e-03 -1.813e-03  0.000e+00  0.000e+00 -1.813e-03  0.000e+00  0.000e+00  0.000e+00  0.000e+00  0.000e+00  2.106e-03  5.726e-02
 7.1600 -1.80006e-03  8.640e-06 -1.809e-03 -1.809e-03  0.000e+00  0.000e+00 -1.809e-03  0.000e+00  0.000e+00  0.000e+00  0.000e+00  0.000e+00  1.449e-03  5.711e-02
 7.1800 -1.80006e-03  5.462e-06 -1.806e-03 -1.806e-03  0.000e+00  0.000e+00 -1.806e-03  0.000e+00  0.000e+00  0.000e+00  0.000e+00  0.000e+00  9.161e-04  5.698e-02
 7.2000 -1.80006e-03  3.013e-06 -1.803e-03 -1.803e-03  0.000e+00  0.000e+00 -1.803e-03  0.000e+00  0.000e+00  0.000e+00  0.000e+00  0.000e+00  5.054e-04  5.688e-02
 7.2200 -1.80006e-03  1.289e-06 -1.801e-03 -1.801e-03  0.000e+00  0.000e+00 -1.801e-03  0.000e+00  0.000e+00  0.000e+00  0.000e+00  0.000e+00  2.162e-04  5.681e-02
 7.2400 -1.80006e-03  2.865e-07 -1.800e-03 -1.800e-03  0.000e+00  0.000e+00 -1.800e-03  0.000e+00  0.000e+00  0.000e+00  0.000e+00  0.000e+00  4.806e-05  5.676e-02
 7.2600 -1.80006e-03  4.158e-09 -1.800e-03 -1.800e-03  0.000e+00  0.000e+00 -1.800e-03  0.000e+00  0.000e+00  0.000e+00  0.000e+00  0.000e+00  6.975e-07  5.675e-02
 7.2800 -1.80006e-03  4.412e-07 -1.801e-03 -1.801e-03  0.000e+00  0.000e+00 -1.801e-03  0.000e+00  0.000e+00  0.000e+00  0.000e+00  0.000e+00  7.401e-05  5.677e-02
 7.3000 -1.80006e-03  1.599e-06 -1.802e-03 -1.802e-03  0.000e+00  0.000e+00 -1.802e-03  0.000e+00  0.000e+00  0.000e+00  0.000e+00  0.000e+00  2.681e-04  5.682e-02
 7.3200 -1.80006e-03  3.478e-06 -1.804e-03 -1.804e-03  0.000e+00  0.000e+00 -1.804e-03  0.000e+00  0.000e+00  0.000e+00  0.000e+00  0.000e+00  5.834e-04  5.689e-02
 7.3400 -1.80006e-03  6.083e-06 -1.806e-03 -1.806e-03  0.000e+00  0.000e+00 -1.806e-03  0.000e+00  0.000e+00  0.000e+00  0.000e+00  0.000e+00  1.020e-03  5.700e-02
 7.3600 -1.80006e-03  9.419e-06 -1.809e-03 -1.809e-03  0.000e+00  0.000e+00 -1.809e-03  0.000e+00  0.000e+00  0.000e+00  0.000e+00  0.000e+00  1.580e-03  5.714e-02
 7.3800 -1.80006e-03  1.349e-05 -1.814e-03 -1.814e-03  0.000e+00  0.000e+00 -1.814e-03  0.000e+00  0.000e+00  0.000e+00  0.000e+00  0.000e+00  2.263e-03  5.730e-02
 7.4000 -1.80006e-03  1.831e-05 -1.818e-03 -1.818e-03  0.000e+00  0.000e+00 -1.818e-03  0.000e+00  0.000e+00  0.000e+00  0.000e+00  0.000e+00  3.071e-03  5.750e-02
 7.4200 -1.80006e-03  2.387e-05 -1.824e-03 -1.824e-03  0.000e+00  0.000e+00 -1.824e-03  0.000e+00  0.000e+00  0.000e+00  0.000e+00  0.000e+00  4.005e-03  5.773e-02
 7.4400 -1.80006e-03  3.020e-05 -1.830e-03 -1.830e-03  0.000e+00  0.000e+00 -1.830e-03  0.000e+00  0.000e+00  0.000e+00  0.000e+00  0.000e+00  5.067e-03  5.798e-02
 7.4600 -1.80006e-03  3.731e-05 -1.837e-03 -1.837e-03  0.000e+00  0.000e+00 -1.837e-03  0.000e+00  0.000e+00  0.000e+00  0.000e+00  0.000e+00  6.258e-03  5.827e-02
 7.4800 -1.80006e-03  4.520e-05 -1.845e-03 -1.845e-03  0.000e+00  0.000e+00 -1.845e-03  0.000e+00  0.000e+00  0.000e+00  0.000e+00  0.000e+00  7.582e-03  5.859e-02
 7.5000 -1.80006e-03  5.390e-05 -1.854e-03 -1.854e-03  0.000e+00  0.000e+00 -1.854e-03  0.000e+00  0.000e+00  0.000e+00  0.000e+00  0.000e+00  9.041e-03  5.895e-02
 7.5200 -1.80006e-03  6.341e-05 -1.863e-03 -1.863e-03  0.000e+00  0.000e+00 -1.863e-03  0.000e+00  0.000e+00  0.000e+00  0.000e+00  0.000e+00  1.064e-02  5.933e-02
 7.5400 -1.80006e-03  7.376e-05 -1.874e-03 -1.874e-03  0.000e+00  0.000e+00 -1.874e-03  0.000e+00  0.000e+00  0.000e+00  0.000e+00  0.000e+00  1.237e-02  5.975e-02
 7.5600 -1.80006e-03  8.496e-05 -1.885e-03 -1.885e-03  0.000e+00  0.000e+00 -1.885e-03  0.000e+00  0.000e+00  0.000e+00  0.000e+00  0.000e+00  1.425e-02  6.021e-02
 7.5800 -1.80006e-03  9.704e-05 -1.897e-03 -1.897e-03  0.000e+00  0.000e+00 -1.897e-03  0.000e+00  0.000e+00  0.000e+00  0.000e+00  0.000e+00  1.628e-02  6.070e-02
 7.6000 -1.80006e-03  1.100e-04 -1.910e-03 -1.910e-03  0.000e+00  0.000e+00 -1.910e-03  0.000e+00  0.000e+00  0.000e+00  0.000e+00  0.000e+00  1.846e-02  6.123e-02
 7.6200 -1.80006e-03  1.239e-04 -1.924e-03 -1.924e-03  0.000e+00  0.000e+00 -1.924e-03  0.000e+00  0.000e+00  0.000e+00  0.000e+00  0.000e+00  2.079e-02  6.179e-02
 7.6400 -1.80006e-03  1.388e-04 -1.939e-03 -1.939e-03  0.000e+00  0.000e+00 -1.939e-03  0.000e+00  0.000e+00  0.000e+00  0.000e+00  0.000e+00  2.328e-02  6.239e-02
 7.6600 -1.80006e-03  1.547e-04 -1.955e-03 -1.955e-03  0.000e+00  0.000e+00 -1.955e-03  0.000e+00  0.000e+00  0.000e+00  0.000e+00  0.000e+00  2.594e-02  6.303e-02
 7.6800 -1.80006e-03  1.715e-04 -1.972e-03 -1.972e-03  0.000e+00  0.000e+00 -1.972e-03  0.000e+00  0.000e+00  0.000e+00  0.000e+00  0.000e+00  2.877e-02  6.371e-02
 7.7000 -1.80006e-03  1.894e-04 -1.989e-03 -1.989e-03  0.000e+00  0.000e+00 -1.989e-03  0.000e+00  0.000e+00  0.000e+00  0.000e+00  0.000e+00  3.178e-02  6.444e-02
 7.7200 -1.80006e-03  2.084e-04 -2.009e-03 -2.009e-03  0.000e+00  0.000e+00 -2.009e-03  0.000e+00  0.000e+00  0.000e+00  0.000e+00  0.000e+00  3.496e-02  6.520e-02
 7.7400 -1.80006e-03  2.286e-04 -2.029e-03 -2.029e-03  0.000e+00  0.000e+00 -2.029e-03  0.000e+00  0.000e+00  0.000e+00  0.000e+00  0.000e+00  3.834e-02  6.601e-02
 7.7600 -1.80006e-03  2.499e-04 -2.050e-03 -2.050e-03  0.000e+00  0.000e+00 -2.050e-03  0.000e+00  0.000e+00  0.000e+00  0.000e+00  0.000e+00  4.192e-02  6.687e-02
 7.7800 -1.80006e-03  2.724e-04 -2.072e-03 -2.072e-03  0.000e+00  0.000e+00 -2.072e-03  0.000e+00  0.000e+00  0.000e+00  0.000e+00  0.000e+00  4.570e-02  6.778e-02
 7.8000 -1.80006e-03  2.962e-04 -2.096e-03 -2.096e-03  0.000e+00  0.000e+00 -2.096e-03  0.000e+00  0.000e+00  0.000e+00  0.000e+00  0.000e+00  4.969e-02  6.873e-02
 7.8200 -1.80006e-03  3.214e-04 -2.121e-03 -2.121e-03  0.000e+00  0.000e+00 -2.121e-03  0.000e+00  0.000e+00  0.000e+00  0.000e+00  0.000e+00  5.390e-02  6.974e-02
 7.8400 -1.80006e-03  3.479e-04 -2.148e-03 -2.148e-03  0.000e+00  0.000e+00 -2.148e-03  0.000e+00  0.000e+00  0.000e+00  0.000e+00  0.000e+00  5.835e-02  7.080e-02
 7.8600 -1.80006e-03  3.758e-04 -2.176e-03 -2.176e-03  0.000e+00  0.000e+00 -2.176e-03  0.000e+00  0.000e+00  0.000e+00  0.000e+00  0.000e+00  6.304e-02  7.191e-02
 7.8800 -1.80006e-03  4.053e-04 -2.205e-03 -2.205e-03  0.000e+00  0.000e+00 -2.205e-03  0.000e+00  0.000e+00  0.000e+00  0.000e+00  0.000e+00  6.799e-02  7.309e-02
 7.9000 -1.80006e-03  4.364e-04 -2.236e-03 -2.236e-03  0.000e+00  0.000e+00 -2.236e-03  0.000e+00  0.000e+00  0.000e+00  0.000e+00  0.000e+00  7.320e-02  7.432e-02
 7.9200 -1.80006e-03  4.691e-04 -2.269e-03 -2.269e-03  0.000e+00  0.000e+00 -2.269e-03  0.000e+00  0.000e+00  0.000e+00  0.000e+00  0.000e+00  7.869e-02  7.562e-02
 7.9400 -1.80006e-03  5.036e-04 -2.304e-03 -2.304e-03  0.000e+00  0.000e+00 -2.304e-03  0.000e+00  0.000e+00  0.000e+00  0.000e+00  0.000e+00  8.447e-02  7.699e-02
 7.9600 -1.80006e-03  5.399e-04 -2.340e-03 -2.340e-03  0.000e+00  0.000e+00 -2.340e-03  0.000e+00  0.000e+00  0.000e+00  0.000e+00  0.000e+00  9.056e-02  7.843e-02
 7.9800 -1.80006e-03  5.781e-04 -2.378e-03 -2.378e-03  0.000e+00  0.000e+00 -2.378e-03  0.000e+00  0.000e+00  0.000e+00  0.000e+00  0.000e+00  9.698e-02  7.994e-02
 8.0000 -1.80006e-03  6.184e-04 -2.419e-03 -2.419e-03  0.000e+00  0.000e+00 -2.419e-03  0.000e+00  0.000e+00  0.000e+00  0.000e+00  0.000e+00  1.037e-01  8.152e-02
 8.0200 -1.80006e-03  6.609e-04 -2.461e-03 -2.461e-03  0.000e+00  0.000e+00 -2.461e-03  0.000e+00  0.000e+00  0.000e+00  0.000e+00  0.000e+00  1.109e-01  8.319e-02
 8.0400 -1.80006e-03  7.056e-04 -2.506e-03 -2.506e-03  0.000e+00  0.000e+00 -2.506e-03  0.000e+00  0.000e+00  0.000e+00  0.000e+00  0.000e+00  1.184e-01  8.494e-02
 8.0600 -1.80006e-03  7.528e-04 -2.553e-03 -2.553e-03  0.000e+00  0.000e+00 -2.553e-03  0.000e+00  0.000e+00  0.000e+00  0.000e+00  0.000e+00  1.263e-01  8.678e-02
 8.0800 -1.80006e-03  8.025e-04 -2.603e-03 -2.603e-03  0.000e+00  0.000e+00 -2.603e-03  0.000e+00  0.000e+00  0.000e+00  0.000e+00  0.000e+00  1.346e-01  8.871e-02
 8.1000 -1.80006e-03  8.549e-04 -2.655e-03 -2.655e-03  0.000e+00  0.000e+00 -2.655e-03  0.000e+00  0.000e+00  0.000e+00  0.000e+00  0.000e+00  1.434e-01  9.075e-02
 8.1200 -1.80006e-03  9.102e-04 -2.710e-03 -2.710e-03  0.000e+00  0.000e+00 -2.710e-03  0.000e+00  0.000e+00  0.000e+00  0.000e+00  0.000e+00  1.527e-01  9.288e-02
 8.1400 -1.80006e-03  9.686e-04 -2.769e-03 -2.769e-03  0.000e+00  0.000e+00 -2.769e-03  0.000e+00  0.000e+00  0.000e+00  0.000e+00  0.000e+00  1.625e-01  9.513e-02
 8.1600 -1.80006e-03  1.030e-03 -2.830e-03 -2.830e-03  0.000e+00  0.000e+00 -2.830e-03  0.000e+00  0.000e+00  0.000e+00  0.000e+00  0.000e+00  1.728e-01  9.749e-02
 8.1800 -1.80006e-03  1.095e-03 -2.895e-03 -2.895e-03  0.000e+00  0.000e+00 -2.895e-03  0.000e+00  0.000e+00  0.000e+00  0.000e+00  0.000e+00  1.837e-01  9.997e-02
 8.2000 -1.80006e-03  1.164e-03 -2.964e-03 -2.964e-03  0.000e+00  0.000e+00 -2.964e-03  0.000e+00  0.000e+00  0.000e+00  0.000e+00  0.000e+00  1.953e-01  1.026e-01
 8.2200 -1.80006e-03  1.237e-03 -3.037e-03 -3.037e-03  0.000e+00  0.000e+00 -3.037e-03  0.000e+00  0.000e+00  0.000e+00  0.000e+00  0.000e+00  2.075e-01  1.053e-01
 8.2400 -1.80006e-03  1.314e-03 -3.114e-03 -3.114e-03  0.000e+00  0.000e+00 -3.114e-03  0.000e+00  0.000e+00  0.000e+00  0.000e+00  0.000e+00  2.204e-01  1.082e-01
 8.2600 -1.80006e-03  1.395e-03 -3.195e-03 -3.195e-03  0.000e+00  0.000e+00 -3.195e-03  0.000e+00  0.000e+00  0.000e+00  0.000e+00  0.000e+00  2.340e-01  1.113e-01
 8.2800 -1.80006e-03  1.481e-03 -3.282e-03 -3.282e-03  0.000e+00  0.000e+00 -3.282e-03  0.000e+00  0.000e+00  0.000e+00  0.000e+00  0.000e+00  2.485e-01  1.145e-01
 8.3000 -1.80006e-03  1.573e-03 -3.373e-03 -3.373e-03  0.000e+00  0.000e+00 -3.373e-03  0.000e+00  0.000e+00  0.000e+00  0.000e+00  0.000e+00  2.639e-01  1.178e-01
 8.3200 -1.80006e-03  1.670e-03 -3.470e-03 -3.470e-03  0.000e+00  0.000e+00 -3.470e-03  0.000e+00  0.000e+00  0.000e+00  0.000e+00  0.000e+00  2.801e-01  1.214e-01
 8.3400 -1.80006e-03  1.773e-03 -3.573e-03 -3.573e-03  0.000e+00  0.000e+00 -3.573e-03  0.000e+00  0.000e+00  0.000e+00  0.000e+00  0.000e+00  2.974e-01  1.251e-01
 8.3600 -1.80006e-03  1.883e-03 -3.683e-03 -3.683e-03  0.000e+00  0.000e+00 -3.683e-03  0.000e+00  0.000e+00  0.000e+00  0.000e+00  0.000e+00  3.158e-01  1.290e-01
 8.3800 -1.80006e-03  1.999e-03 -3.799e-03 -3.799e-03  0.000e+00  0.000e+00 -3.799e-03  0.000e+00  0.000e+00  0.000e+00  0.000e+00  0.000e+00  3.353e-01  1.332e-01
 8.4000 -1.80006e-03  2.123e-03 -3.923e-03 -3.923e-03  0.000e+00  0.000e+00 -3.923e-03  0.000e+00  0.000e+00  0.000e+00  0.000e+00  0.000e+00  3.561e-01  1.375e-01
 8.4200 -1.80006e-03  2.255e-03 -4.055e-03 -4.055e-03  0.000e+00  0.000e+00 -4.055e-03  0.000e+00  0.000e+00  0.000e+00  0.000e+00  0.000e+00  3.783e-01  1.421e-01
 8.4400 -1.80006e-03  2.396e-03 -4.196e-03 -4.196e-03  0.000e+00  0.000e+00 -4.196e-03  0.000e+00  0.000e+00  0.000e+00  0.000e+00  0.000e+00  4.019e-01  1.469e-01
 8.4600 -1.80006e-03  2.546e-03 -4.346e-03 -4.346e-03  0.000e+00  0.000e+00 -4.346e-03  0.000e+00  0.000e+00  0.000e+00  0.000e+00  0.000e+00  4.271e-01  1.519e-01
 8.4800 -1.80006e-03  2.706e-03 -4.506e-03 -4.506e-03  0.000e+00  0.000e+00 -4.506e-03  0.000e+00  0.000e+00  0.000e+00  0.000e+00  0.000e+00  4.539e-01  1.572e-01
 8.5000 -1.80006e-03  2.877e-03 -4.677e-03 -4.677e-03  0.000e+00  0.000e+00 -4.677e-03  0.000e+00  0.000e+00  0.000e+00  0.000e+00  0.000e+00  4.826e-01  1.627e-01
 8.5200 -1.80006e-03  3.060e-03 -4.860e-03 -4.860e-03  0.000e+00  0.000e+00 -4.860e-03  0.000e+00  0.000e+00  0.000e+00  0.000e+00  0.000e+00  5.133e-01  1.685e-01
 8.5400 -1.80006e-03  3.256e-03 -5.056e-03 -5.056e-03  0.000e+00  0.000e+00 -5.056e-03  0.000e+00  0.000e+00  0.000e+00  0.000e+00  0.000e+00  5.461e-01  1.745e-01
 8.5600 -1.80006e-03  3.465e-03 -5.265e-03 -5.265e-03  0.000e+00  0.000e+00 -5.265e-03  0.000e+00  0.000e+00  0.000e+00  0.000e+00  0.000e+00  5.811e-01  1.807e-01
 8.5800 -1.80006e-03  3.688e-03 -5.488e-03 -5.488e-03  0.000e+00  0.000e+00 -5.488e-03  0.000e+00  0.000e+00  0.000e+00  0.000e+00  0.000e+00  6.186e-01  1.871e-01
 8.6000 -1.80006e-03  3.927e-03 -5.727e-03 -5.727e-03  0.000e+00  0.000e+00 -5.727e-03  0.000e+00  0.000e+00  0.000e+00  0.000e+00  0.000e+00  6.587e-01  1.936e-01
 8.6200 -1.80006e-03  4.182e-03 -5.982e-03 -5.982e-03  0.000e+00  0.000e+00 -5.982e-03  0.000e+00  0.000e+00  0.000e+00  0.000e+00  0.000e+00  7.016e-01  2.002e-01
 8.6400 -1.80006e-03  4.455e-03 -6.255e-03 -6.255e-03  0.000e+00  0.000e+00 -6.255e-03  0.000e+00  0.000e+00  0.000e+00  0.000e+00  0.000e+00  7.473e-01  2.068e-01
 8.6600 -1.80006e-03  4.745e-03 -6.545e-03 -6.545e-03  0.000e+00  0.000e+00 -6.545e-03  0.000e+00  0.000e+00  0.000e+00  0.000e+00  0.000e+00  7.959e-01  2.132e-01
 8.6800 -1.80006e-03  5.053e-03 -6.853e-03 -6.853e-03  0.000e+00  0.000e+00 -6.853e-03  0.000e+00  0.000e+00  0.000e+00  0.000e+00  0.000e+00  8.476e-01  2.193e-01
 8.7000 -1.80006e-03  5.379e-03 -7.179e-03 -7.179e-03  0.000e+00  0.000e+00 -7.179e-03  0.000e+00  0.000e+00  0.000e+00  0.000e+00  0.000e+00  9.023e-01  2.247e-01
 8.7200 -1.80006e-03  5.722e-03 -7.522e-03 -7.522e-03  0.000e+00  0.000e+00 -7.522e-03  0.000e+00  0.000e+00  0.000e+00  0.000e+00  0.000e+00  9.597e-01  2.291e-01
 8.7400 -1.80006e-03  6.079e-03 -7.879e-03 -7.879e-03  0.000e+00  0.000e+00 -7.879e-03  0.000e+00  0.000e+00  0.000e+00  0.000e+00  0.000e+00  1.020e+00  2.320e-01
 8.7600 -1.80006e-03  6.446e-03 -8.246e-03 -8.246e-03  0.000e+00  0.000e+00 -8.246e-03  0.000e+00  0.000e+00  0.000e+00  0.000e+00  0.000e+00  1.081e+00  2.328e-01
 8.7800 -1.80006e-03  6.818e-03 -8.618e-03 -8.618e-03  0.000e+00  0.000e+00 -8.618e-03  0.000e+00  0.000e+00  0.000e+00  0.000e+00  0.000e+00  1.144e+00  2.303e-01
 8.8000 -1.80007e-03  7.184e-03 -8.984e-03 -8.984e-03  0.000e+00  0.000e+00 -8.984e-03  0.000e+00  0.000e+00  0.000e+00  0.000e+00  0.000e+00  1.205e+00  2.235e-01
 8.8200 -1.80007e-03  7.529e-03 -9.330e-03 -9.330e-03  0.000e+00  0.000e+00 -9.330e-03  0.000e+00  0.000e+00  0.000e+00  0.000e+00  0.000e+00  1.263e+00  2.106e-01
 8.8400 -1.80007e-03  7.834e-03 -9.634e-03 -9.634e-03  0.000e+00  0.000e+00 -9.634e-03  0.000e+00  0.000e+00  0.000e+00  0.000e+00  0.000e+00  1.314e+00  1.893e-01
 8.8600 -1.80007e-03  8.067e-03 -9.868e-03 -9.868e-03  0.000e+00  0.000e+00 -9.868e-03  0.000e+00  0.000e+00  0.000e+00  0.000e+00  0.000e+00  1.353e+00  1.568e-01
 8.8800 -1.80007e-03  8.191e-03 -9.991e-03 -9.991e-03  0.000e+00  0.000e+00 -9.991e-03  0.000e+00  0.000e+00  0.000e+00  0.000e+00  0.000e+00  1.374e+00  1.094e-01
 8.9000 -1.80008e-03  8.155e-03 -9.956e-03 -9.956e-03  0.000e+00  0.000e+00 -9.956e-03  0.000e+00  0.000e+00  0.000e+00  0.000e+00  0.000e+00  1.368e+00  4.298e-02
 8.9200 -1.80008e-03  7.901e-03 -9.701e-03 -9.701e-03  0.000e+00  0.000e+00 -9.701e-03  0.000e+00  0.000e+00  0.000e+00  0.000e+00  0.000e+00  1.325e+00 -4.722e-02
 8.9400 -1.80008e-03  7.367e-03 -9.167e-03 -9.167e-03  0.000e+00  0.000e+00 -9.167e-03  0.000e+00  0.000e+00  0.000e+00  0.000e+00  0.000e+00  1.236e+00 -1.654e-01
 8.9600 -1.80008e-03  6.506e-03 -8.306e-03 -8.306e-03  0.000e+00  0.000e+00 -8.306e-03  0.000e+00  0.000e+00  0.000e+00  0.000e+00  0.000e+00  1.091e+00 -3.136e-01
 8.9800 -1.80008e-03  5.312e-03 -7.112e-03 -7.112e-03  0.000e+00  0.000e+00 -7.112e-03  0.000e+00  0.000e+00  0.000e+00  0.000e+00  0.000e+00  8.911e-01 -4.893e-01
 9.0000 -1.80008e-03  3.858e-03 -5.658e-03 -5.658e-03  0.000e+00  0.000e+00 -5.658e-03  0.000e+00  0.000e+00  0.000e+00  0.000e+00  0.000e+00  6.471e-01 -6.826e-01
 9.0200 -1.80007e-03  2.321e-03 -4.121e-03 -4.121e-03  0.000e+00  0.000e+00 -4.121e-03  0.000e+00  0.000e+00  0.000e+00  0.000e+00  0.000e+00  3.894e-01 -8.730e-01
 9.0400 -1.80005e-03  9.819e-04 -2.782e-03 -2.782e-03  0.000e+00  0.000e+00 -2.782e-03  0.000e+00  0.000e+00  0.000e+00  0.000e+00  0.000e+00  1.647e-01 -1.032e+00
 9.0600 -1.80005e-03  1.526e-04 -1.953e-03 -1.953e-03  0.000e+00  0.000e+00 -1.953e-03  0.000e+00  0.000e+00  0.000e+00  0.000e+00  0.000e+00  2.559e-02 -1.127e+00
 9.0800 -1.80004e-03  5.676e-05 -1.857e-03 -1.857e-03  0.000e+00  0.000e+00 -1.857e-03  0.000e+00  0.000e+00  0.000e+00  0.000e+00  0.000e+00  9.522e-03 -1.138e+00
 9.1000 -1.80005e-03  7.218e-04 -2.522e-03 -2.522e-03  0.000e+00  0.000e+00 -2.522e-03  0.000e+00  0.000e+00  0.000e+00  0.000e+00  0.000e+00  1.211e-01 -1.062e+00
 9.1200 -1.80006e-03  1.964e-03 -3.765e-03 -3.765e-03  0.000e+00  0.000e+00 -3.765e-03  0.000e+00  0.000e+00  0.000e+00  0.000e+00  0.000e+00  3.295e-01 -9.159e-01
 9.1400 -1.80007e-03  3.482e-03 -5.282e-03 -5.282e-03  0.000e+00  0.000e+00 -5.282e-03  0.000e+00  0.000e+00  0.000e+00  0.000e+00  0.000e+00  5.841e-01 -7.302e-01
 9.1600 -1.80008e-03  4.977e-03 -6.777e-03 -6.777e-03  0.000e+00  0.000e+00 -6.777e-03  0.000e+00  0.000e+00  0.000e+00  0.000e+00  0.000e+00  8.349e-01 -5.354e-01
 9.1800 -1.80008e-03  6.244e-03 -8.044e-03 -8.044e-03  0.000e+00  0.000e+00 -8.044e-03  0.000e+00  0.000e+00  0.000e+00  0.000e+00  0.000e+00  1.047e+00 -3.541e-01
 9.2000 -1.80008e-03  7.188e-03 -8.988e-03 -8.988e-03  0.000e+00  0.000e+00 -8.988e-03  0.000e+00  0.000e+00  0.000e+00  0.000e+00  0.000e+00  1.206e+00 -1.987e-01
 9.2200 -1.80008e-03  7.799e-03 -9.599e-03 -9.599e-03  0.000e+00  0.000e+00 -9.599e-03  0.000e+00  0.000e+00  0.000e+00  0.000e+00  0.000e+00  1.308e+00 -7.331e-02
 9.2400 -1.80008e-03  8.116e-03 -9.916e-03 -9.916e-03  0.000e+00  0.000e+00 -9.916e-03  0.000e+00  0.000e+00  0.000e+00  0.000e+00  0.000e+00  1.361e+00  2.336e-02
 9.2600 -1.80007e-03  8.199e-03 -1.000e-02 -1.000e-02  0.000e+00  0.000e+00 -1.000e-02  0.000e+00  0.000e+00  0.000e+00  0.000e+00  0.000e+00  1.375e+00  9.518e-02
 9.2800 -1.80007e-03  8.110e-03 -9.910e-03 -9.910e-03  0.000e+00  0.000e+00 -9.910e-03  0.000e+00  0.000e+00  0.000e+00  0.000e+00  0.000e+00  1.360e+00  1.468e-01
 9.3000 -1.80007e-03  7.899e-03 -9.699e-03 -9.699e-03  0.000e+00  0.000e+00 -9.699e-03  0.000e+00  0.000e+00  0.000e+00  0.000e+00  0.000e+00  1.325e+00  1.825e-01
 9.3200 -1.80007e-03  7.608e-03 -9.408e-03 -9.408e-03  0.000e+00  0.000e+00 -9.408e-03  0.000e+00  0.000e+00  0.000e+00  0.000e+00  0.000e+00  1.276e+00  2.062e-01
 9.3400 -1.80007e-03  7.271e-03 -9.071e-03 -9.071e-03  0.000e+00  0.000e+00 -9.071e-03  0.000e+00  0.000e+00  0.000e+00  0.000e+00  0.000e+00  1.220e+00  2.210e-01
 9.3600 -1.80007e-03  6.908e-03 -8.708e-03 -8.708e-03  0.000e+00  0.000e+00 -8.708e-03  0.000e+00  0.000e+00  0.000e+00  0.000e+00  0.000e+00  1.159e+00  2.291e-01
 9.3800 -1.80006e-03  6.537e-03 -8.337e-03 -8.337e-03  0.000e+00  0.000e+00 -8.337e-03  0.000e+00  0.000e+00  0.000e+00  0.000e+00  0.000e+00  1.096e+00  2.325e-01
 9.4000 -1.80006e-03  6.167e-03 -7.968e-03 -7.968e-03  0.000e+00  0.000e+00 -7.968e-03  0.000e+00  0.000e+00  0.000e+00  0.000e+00  0.000e+00  1.035e+00  2.325e-01
 9.4200 -1.80006e-03  5.807e-03 -7.607e-03 -7.607e-03  0.000e+00  0.000e+00 -7.607e-03  0.000e+00  0.000e+00  0.000e+00  0.000e+00  0.000e+00  9.741e-01  2.300e-01
 9.4400 -1.80006e-03  5.461e-03 -7.261e-03 -7.261e-03  0.000e+00  0.000e+00 -7.261e-03  0.000e+00  0.000e+00  0.000e+00  0.000e+00  0.000e+00  9.160e-01  2.259e-01
 9.4600 -1.80006e-03  5.131e-03 -6.931e-03 -6.931e-03  0.000e+00  0.000e+00 -6.931e-03  0.000e+00  0.000e+00  0.000e+00  0.000e+00  0.000e+00  8.607e-01  2.207e-01
 9.4800 -1.80006e-03  4.818e-03 -6.619e-03 -6.619e-03  0.000e+00  0.000e+00 -6.619e-03  0.000e+00  0.000e+00  0.000e+00  0.000e+00  0.000e+00  8.082e-01  2.147e-01
 9.5000 -1.80006e-03  4.524e-03 -6.324e-03 -6.324e-03  0.000e+00  0.000e+00 -6.324e-03  0.000e+00  0.000e+00  0.000e+00  0.000e+00  0.000e+00  7.588e-01  2.084e-01
 9.5200 -1.80006e-03  4.247e-03 -6.047e-03 -6.047e-03  0.000e+00  0.000e+00 -6.047e-03  0.000e+00  0.000e+00  0.000e+00  0.000e+00  0.000e+00  7.124e-01  2.018e-01
 9.5400 -1.80006e-03  3.988e-03 -5.788e-03 -5.788e-03  0.000e+00  0.000e+00 -5.788e-03  0.000e+00  0.000e+00  0.000e+00  0.000e+00  0.000e+00  6.689e-01  1.952e-01
 9.5600 -1.80006e-03  3.745e-03 -5.545e-03 -5.545e-03  0.000e+00  0.000e+00 -5.545e-03  0.000e+00  0.000e+00  0.000e+00  0.000e+00  0.000e+00  6.282e-01  1.887e-01
 9.5800 -1.80006e-03  3.518e-03 -5.318e-03 -5.318e-03  0.000e+00  0.000e+00 -5.318e-03  0.000e+00  0.000e+00  0.000e+00  0.000e+00  0.000e+00  5.901e-01  1.822e-01
 9.6000 -1.80006e-03  3.305e-03 -5.105e-03 -5.105e-03  0.000e+00  0.000e+00 -5.105e-03  0.000e+00  0.000e+00  0.000e+00  0.000e+00  0.000e+00  5.544e-01  1.760e-01
 9.6200 -1.80006e-03  3.106e-03 -4.907e-03 -4.907e-03  0.000e+00  0.000e+00 -4.907e-03  0.000e+00  0.000e+00  0.000e+00  0.000e+00  0.000e+00  5.211e-01  1.699e-01
 9.6400 -1.80006e-03  2.921e-03 -4.721e-03 -4.721e-03  0.000e+00  0.000e+00 -4.721e-03  0.000e+00  0.000e+00  0.000e+00  0.000e+00  0.000e+00  4.899e-01  1.641e-01
 9.6600 -1.80006e-03  2.747e-03 -4.547e-03 -4.547e-03  0.000e+00  0.000e+00 -4.547e-03  0.000e+00  0.000e+00  0.000e+00  0.000e+00  0.000e+00  4.607e-01  1.585e-01
 9.6800 -1.80006e-03  2.584e-03 -4.384e-03 -4.384e-03  0.000e+00  0.000e+00 -4.384e-03  0.000e+00  0.000e+00  0.000e+00  0.000e+00  0.000e+00  4.334e-01  1.532e-01
 9.7000 -1.80006e-03  2.432e-03 -4.232e-03 -4.232e-03  0.000e+00  0.000e+00 -4.232e-03  0.000e+00  0.000e+00  0.000e+00  0.000e+00  0.000e+00  4.079e-01  1.481e-01
 9.7200 -1.80006e-03  2.289e-03 -4.089e-03 -4.089e-03  0.000e+00  0.000e+00 -4.089e-03  0.000e+00  0.000e+00  0.000e+00  0.000e+00  0.000e+00  3.839e-01  1.432e-01
 9.7400 -1.80006e-03  2.155e-03 -3.955e-03 -3.955e-03  0.000e+00  0.000e+00 -3.955e-03  0.000e+00  0.000e+00  0.000e+00  0.000e+00  0.000e+00  3.614e-01  1.386e-01
 9.7600 -1.80006e-03  2.029e-03 -3.829e-03 -3.829e-03  0.000e+00  0.000e+00 -3.829e-03  0.000e+00  0.000e+00  0.000e+00  0.000e+00  0.000e+00  3.403e-01  1.342e-01
 9.7800 -1.80006e-03  1.910e-03 -3.710e-03 -3.710e-03  0.000e+00  0.000e+00 -3.710e-03  0.000e+00  0.000e+00  0.000e+00  0.000e+00  0.000e+00  3.205e-01  1.300e-01
 9.8000 -1.80006e-03  1.799e-03 -3.599e-03 -3.599e-03  0.000e+00  0.000e+00 -3.599e-03  0.000e+00  0.000e+00  0.000e+00  0.000e+00  0.000e+00  3.018e-01  1.260e-01
 9.8200 -1.80006e-03  1.695e-03 -3.495e-03 -3.495e-03  0.000e+00  0.000e+00 -3.495e-03  0.000e+00  0.000e+00  0.000e+00  0.000e+00  0.000e+00  2.843e-01  1.223e-01
 9.8400 -1.80006e-03  1.596e-03 -3.396e-03 -3.396e-03  0.000e+00  0.000e+00 -3.396e-03  0.000e+00  0.000e+00  0.000e+00  0.000e+00  0.000e+00  2.677e-01  1.187e-01
 9.8600 -1.80006e-03  1.503e-03 -3.303e-03 -3.303e-03  0.000e+00  0.000e+00 -3.303e-03  0.000e+00  0.000e+00  0.000e+00  0.000e+00  0.000e+00  2.522e-01  1.153e-01
 9.8800 -1.80006e-03  1.416e-03 -3.216e-03 -3.216e-03  0.000e+00  0.000e+00 -3.216e-03  0.000e+00  0.000e+00  0.000e+00  0.000e+00  0.000e+00  2.375e-01  1.120e-01
 9.9000 -1.80006e-03  1.333e-03 -3.133e-03 -3.133e-03  0.000e+00  0.000e+00 -3.133e-03  0.000e+00  0.000e+00  0.000e+00  0.000e+00  0.000e+00  2.236e-01  1.089e-01
 9.9200 -1.80006e-03  1.255e-03 -3.055e-03 -3.055e-03  0.000e+00  0.000e+00 -3.055e-03  0.000e+00  0.000e+00  0.000e+00  0.000e+00  0.000e+00  2.105e-01  1.060e-01
 9.9400 -1.80006e-03  1.181e-03 -2.981e-03 -2.981e-03  0.000e+00  0.000e+00 -2.981e-03  0.000e+00  0.000e+00  0.000e+00  0.000e+00  0.000e+00  1.982e-01  1.032e-01
 9.9600 -1.80006e-03  1.112e-03 -2.912e-03 -2.912e-03  0.000e+00  0.000e+00 -2.912e-03  0.000e+00  0.000e+00  0.000e+00  0.000e+00  0.000e+00  1.865e-01  1.006e-01
 9.9800 -1.80006e-03  1.046e-03 -2.846e-03 -2.846e-03  0.000e+00  0.000e+00 -2.846e-03  0.000e+00  0.000e+00  0.000e+00  0.000e+00  0.000e+00  1.754e-01  9.808e-02
10.0000 -1.80006e-03  9.848e-04 -2.785e-03 -2.785e-03  0.000e+00  0.000e+00 -2.785e-03  0.000e+00  0.000e+00  0.000e+00  0.000e+00  0.000e+00  1.652e-01  9.575e-02
