#
# INPUTFILE C:\Users\mario\Documents\Code\Python\main_env\Dalton\input\md\he20.md
#
# -- INPUT DATA --
#
# MOLFILE C:\Users\mario\Documents\Code\Python\main_env\Dalton\geom\prm\he20.prm
# ENERGYOUT C:\Users\mario\Documents\Code\Python\main_env\Dalton\output\md\he20.dat
# GEOMOUT C:\Users\mario\Documents\Code\Python\main_env\Dalton\output\md\he20.xyz
# RANDOMSEED 3822454941
# TEMPERATURE 298.150000 K
# BOUNDARY 46.860000 A
# BOUNDARYSPRING 250.000000 kcal/(mol*A^2)
# BOUNDARYTYPE sphere
# STATUSTIME 5.000000 s
# ENERGYTIME 0.050000 ps
# GEOMTIME 0.100000 ps
# TOTALTIME 20.000000 ps
# TIMESTEP 0.001000 ps
# EQTIME 4.000000 ps
# EQRATE 0.500000 ps
#
# -- ENERGY DATA --
#
# energy terms [kcal/mol]
#  time      e_total      e_kin      e_pot  e_nonbond   e_bonded e_boundary      e_vdw     e_elst     e_bond    e_angle     e_tors      e_oop       temp      press
 0.0000  1.82529e+01  1.777e+01  4.784e-01  4.784e-01  0.000e+00  0.000e+00  4.784e-01  0.000e+00  0.000e+00  0.000e+00  0.000e+00  0.000e+00  5.421e+01  0.000e+00
 0.0500  6.87539e+01  6.639e+01  2.365e+00  2.365e+00  0.000e+00  0.000e+00  2.365e+00  0.000e+00  0.000e+00  0.000e+00  0.000e+00  0.000e+00  1.114e+03  4.718e+00
 0.1000  6.38813e+01  6.259e+01  1.292e+00  1.292e+00  0.000e+00  0.000e+00  1.292e+00  0.000e+00  0.000e+00  0.000e+00  0.000e+00  0.000e+00  1.050e+03  4.970e+00
 0.1500  5.88755e+01  5.807e+01  8.041e-01  8.041e-01  0.000e+00  0.000e+00  8.041e-01  0.000e+00  0.000e+00  0.000e+00  0.000e+00  0.000e+00  9.741e+02  5.252e+00
 0.2000  5.40245e+01  5.441e+01 -3.867e-01 -3.867e-01  0.000e+00  0.000e+00 -3.867e-01  0.000e+00  0.000e+00  0.000e+00  0.000e+00  0.000e+00  9.127e+02  5.936e+00
 0.2500  4.95609e+01  4.990e+01 -3.410e-01 -3.410e-01  0.000e+00  0.000e+00 -3.410e-01  0.000e+00  0.000e+00  0.000e+00  0.000e+00  0.000e+00  8.371e+02  5.431e+00
 0.3000  4.55611e+01  4.568e+01 -1.239e-01 -1.239e-01  0.000e+00  0.000e+00 -1.239e-01  0.000e+00  0.000e+00  0.000e+00  0.000e+00  0.000e+00  7.663e+02  4.764e+00
 0.3500  4.20180e+01  4.223e+01 -2.126e-01 -2.126e-01  0.000e+00  0.000e+00 -2.126e-01  0.000e+00  0.000e+00  0.000e+00  0.000e+00  0.000e+00  7.084e+02  4.585e+00
 0.4000  3.89019e+01  3.900e+01 -1.021e-01 -1.021e-01  0.000e+00  0.000e+00 -1.021e-01  0.000e+00  0.000e+00  0.000e+00  0.000e+00  0.000e+00  6.543e+02  4.222e+00
 0.4500  3.61771e+01  3.623e+01 -5.155e-02 -5.155e-02  0.000e+00  0.000e+00 -5.155e-02  0.000e+00  0.000e+00  0.000e+00  0.000e+00  0.000e+00  6.077e+02  3.909e+00
 0.5000  3.37991e+01  3.383e+01 -2.788e-02 -2.788e-02  0.000e+00  0.000e+00 -2.788e-02  0.000e+00  0.000e+00  0.000e+00  0.000e+00  0.000e+00  5.674e+02  3.644e+00
 0.5500  3.17267e+01  3.174e+01 -1.583e-02 -1.583e-02  0.000e+00  0.000e+00 -1.583e-02  0.000e+00  0.000e+00  0.000e+00  0.000e+00  0.000e+00  5.324e+02  3.416e+00
 0.6000  2.99220e+01  2.993e+01 -9.394e-03 -9.394e-03  0.000e+00  0.000e+00 -9.394e-03  0.000e+00  0.000e+00  0.000e+00  0.000e+00  0.000e+00  5.021e+02  3.219e+00
 0.6500  2.83511e+01  2.836e+01 -5.829e-03 -5.829e-03  0.000e+00  0.000e+00 -5.829e-03  0.000e+00  0.000e+00  0.000e+00  0.000e+00  0.000e+00  4.757e+02  3.049e+00
 0.7000  2.69839e+01  2.699e+01 -3.775e-03 -3.775e-03  0.000e+00  0.000e+00 -3.775e-03  0.000e+00  0.000e+00  0.000e+00  0.000e+00  0.000e+00  4.527e+02  2.901e+00
 0.7500  2.57941e+01  2.580e+01 -2.543e-03 -2.543e-03  0.000e+00  0.000e+00 -2.543e-03  0.000e+00  0.000e+00  0.000e+00  0.000e+00  0.000e+00  4.327e+02  2.773e+00
 0.8000  2.47586e+01  2.476e+01 -1.775e-03 -1.775e-03  0.000e+00  0.000e+00 -1.775e-03  0.000e+00  0.000e+00  0.000e+00  0.000e+00  0.000e+00  4.153e+02  2.661e+00
 0.8500  2.38573e+01  2.386e+01 -1.279e-03 -1.279e-03  0.000e+00  0.000e+00 -1.279e-03  0.000e+00  0.000e+00  0.000e+00  0.000e+00  0.000e+00  4.002e+02  2.564e+00
 0.9000  2.30726e+01  2.307e+01 -9.470e-04 -9.470e-04  0.000e+00  0.000e+00 -9.470e-04  0.000e+00  0.000e+00  0.000e+00  0.000e+00  0.000e+00  3.870e+02  2.480e+00
 0.9500  2.23893e+01  2.239e+01 -7.181e-04 -7.181e-04  0.000e+00  0.000e+00 -7.181e-04  0.000e+00  0.000e+00  0.000e+00  0.000e+00  0.000e+00  3.756e+02  2.406e+00
 1.0000  2.17943e+01  2.179e+01 -5.558e-04 -5.558e-04  0.000e+00  0.000e+00 -5.558e-04  0.000e+00  0.000e+00  0.000e+00  0.000e+00  0.000e+00  3.656e+02  2.342e+00
 1.0500  2.12761e+01  2.128e+01 -4.380e-04 -4.380e-04  0.000e+00  0.000e+00 -4.380e-04  0.000e+00  0.000e+00  0.000e+00  0.000e+00  0.000e+00  3.569e+02  2.287e+00
 1.1000  2.08247e+01  2.083e+01 -3.507e-04 -3.507e-04  0.000e+00  0.000e+00 -3.507e-04  0.000e+00  0.000e+00  0.000e+00  0.000e+00  0.000e+00  3.493e+02  2.238e+00
 1.1500  2.04315e+01  2.043e+01 -2.846e-04 -2.846e-04  0.000e+00  0.000e+00 -2.846e-04  0.000e+00  0.000e+00  0.000e+00  0.000e+00  0.000e+00  3.427e+02  2.196e+00
 1.2000  2.00890e+01  2.009e+01 -2.338e-04 -2.338e-04  0.000e+00  0.000e+00 -2.338e-04  0.000e+00  0.000e+00  0.000e+00  0.000e+00  0.000e+00  3.370e+02  2.159e+00
 1.2500  1.97906e+01  1.979e+01 -1.941e-04 -1.941e-04  0.000e+00  0.000e+00 -1.941e-04  0.000e+00  0.000e+00  0.000e+00  0.000e+00  0.000e+00  3.320e+02  2.127e+00
 1.3000  1.95306e+01  1.953e+01 -1.627e-04 -1.627e-04  0.000e+00  0.000e+00 -1.627e-04  0.000e+00  0.000e+00  0.000e+00  0.000e+00  0.000e+00  3.276e+02  2.099e+00
 1.3500  1.93041e+01  1.930e+01 -1.376e-04 -1.376e-04  0.000e+00  0.000e+00 -1.376e-04  0.000e+00  0.000e+00  0.000e+00  0.000e+00  0.000e+00  3.238e+02  2.075e+00
 1.4000  1.91067e+01  1.911e+01 -1.172e-04 -1.172e-04  0.000e+00  0.000e+00 -1.172e-04  0.000e+00  0.000e+00  0.000e+00  0.000e+00  0.000e+00  3.205e+02  2.053e+00
 1.4500  1.89348e+01  1.893e+01 -1.005e-04 -1.005e-04  0.000e+00  0.000e+00 -1.005e-04  0.000e+00  0.000e+00  0.000e+00  0.000e+00  0.000e+00  3.176e+02  2.035e+00
 1.5000  1.87851e+01  1.879e+01 -8.671e-05 -8.671e-05  0.000e+00  0.000e+00 -8.671e-05  0.000e+00  0.000e+00  0.000e+00  0.000e+00  0.000e+00  3.151e+02  2.019e+00
 1.5500  1.86546e+01  1.865e+01 -7.523e-05 -7.523e-05  0.000e+00  0.000e+00 -7.523e-05  0.000e+00  0.000e+00  0.000e+00  0.000e+00  0.000e+00  3.129e+02  2.005e+00
 1.6000  1.85298e+01  1.853e+01 -6.577e-05 -6.577e-05  0.000e+00  0.000e+00 -6.577e-05  0.000e+00  0.000e+00  0.000e+00  0.000e+00  0.000e+00  3.108e+02  1.991e+00
 1.6500  1.84413e+01  1.844e+01 -5.786e-05 -5.786e-05  0.000e+00  0.000e+00 -5.786e-05  0.000e+00  0.000e+00  0.000e+00  0.000e+00  0.000e+00  3.093e+02  1.982e+00
 1.7000  1.83615e+01  1.836e+01 -5.117e-05 -5.117e-05  0.000e+00  0.000e+00 -5.117e-05  0.000e+00  0.000e+00  0.000e+00  0.000e+00  0.000e+00  3.080e+02  1.973e+00
 1.7500  1.83142e+01  1.831e+01 -4.547e-05 -4.547e-05  0.000e+00  0.000e+00 -4.547e-05  0.000e+00  0.000e+00  0.000e+00  0.000e+00  0.000e+00  3.072e+02  1.968e+00
 1.8000  1.82591e+01  1.826e+01 -4.061e-05 -4.061e-05  0.000e+00  0.000e+00 -4.061e-05  0.000e+00  0.000e+00  0.000e+00  0.000e+00  0.000e+00  3.063e+02  1.962e+00
 1.8500  1.82067e+01  1.821e+01 -3.644e-05 -3.644e-05  0.000e+00  0.000e+00 -3.644e-05  0.000e+00  0.000e+00  0.000e+00  0.000e+00  0.000e+00  3.054e+02  1.957e+00
 1.9000  1.81579e+01  1.816e+01 -3.289e-05 -3.289e-05  0.000e+00  0.000e+00 -3.289e-05  0.000e+00  0.000e+00  0.000e+00  0.000e+00  0.000e+00  3.046e+02  1.951e+00
 1.9500  1.81133e+01  1.811e+01 -2.987e-05 -2.987e-05  0.000e+00  0.000e+00 -2.987e-05  0.000e+00  0.000e+00  0.000e+00  0.000e+00  0.000e+00  3.038e+02  1.947e+00
 2.0000  1.80730e+01  1.807e+01 -2.733e-05 -2.733e-05  0.000e+00  0.000e+00 -2.733e-05  0.000e+00  0.000e+00  0.000e+00  0.000e+00  0.000e+00  3.032e+02  1.942e+00
 2.0500  1.80368e+01  1.804e+01 -2.523e-05 -2.523e-05  0.000e+00  0.000e+00 -2.523e-05  0.000e+00  0.000e+00  0.000e+00  0.000e+00  0.000e+00  3.025e+02  1.938e+00
 2.1000  1.80046e+01  1.800e+01 -2.349e-05 -2.349e-05  0.000e+00  0.000e+00 -2.349e-05  0.000e+00  0.000e+00  0.000e+00  0.000e+00  0.000e+00  3.020e+02  1.935e+00
 2.1500  1.79790e+01  1.798e+01 -2.307e-05 -2.307e-05  0.000e+00  0.000e+00 -2.307e-05  0.000e+00  0.000e+00  0.000e+00  0.000e+00  0.000e+00  3.016e+02  1.932e+00
 2.2000  1.79581e+01  1.796e+01 -2.386e-05 -2.386e-05  0.000e+00  0.000e+00 -2.386e-05  0.000e+00  0.000e+00  0.000e+00  0.000e+00  0.000e+00  3.012e+02  1.930e+00
 2.2500  1.79383e+01  1.794e+01 -2.657e-05 -2.657e-05  0.000e+00  0.000e+00 -2.657e-05  0.000e+00  0.000e+00  0.000e+00  0.000e+00  0.000e+00  3.009e+02  1.928e+00
 2.3000  1.79199e+01  1.792e+01 -3.337e-05 -3.337e-05  0.000e+00  0.000e+00 -3.337e-05  0.000e+00  0.000e+00  0.000e+00  0.000e+00  0.000e+00  3.006e+02  1.926e+00
 2.3500  1.79030e+01  1.790e+01 -4.994e-05 -4.994e-05  0.000e+00  0.000e+00 -4.994e-05  0.000e+00  0.000e+00  0.000e+00  0.000e+00  0.000e+00  3.003e+02  1.924e+00
 2.4000  1.78883e+01  1.650e+01  1.389e+00 -9.264e-05  0.000e+00  1.389e+00 -9.264e-05  0.000e+00  0.000e+00  0.000e+00  0.000e+00  0.000e+00  2.768e+02  9.575e+01
 2.4500  1.78770e+01  1.788e+01 -2.136e-04 -2.136e-04  0.000e+00  0.000e+00 -2.136e-04  0.000e+00  0.000e+00  0.000e+00  0.000e+00  0.000e+00  2.999e+02  1.921e+00
 2.5000  1.78838e+01  1.788e+01 -5.949e-04 -5.949e-04  0.000e+00  0.000e+00 -5.949e-04  0.000e+00  0.000e+00  0.000e+00  0.000e+00  0.000e+00  3.000e+02  1.922e+00
 2.5500  1.78869e+01  1.789e+01 -1.907e-03 -1.907e-03  0.000e+00  0.000e+00 -1.907e-03  0.000e+00  0.000e+00  0.000e+00  0.000e+00  0.000e+00  3.001e+02  1.923e+00
 2.6000  1.78842e+01  1.789e+01 -6.226e-03 -6.226e-03  0.000e+00  0.000e+00 -6.226e-03  0.000e+00  0.000e+00  0.000e+00  0.000e+00  0.000e+00  3.001e+02  1.925e+00
 2.6500  1.78781e+01  1.789e+01 -1.501e-02 -1.501e-02  0.000e+00  0.000e+00 -1.501e-02  0.000e+00  0.000e+00  0.000e+00  0.000e+00  0.000e+00  3.001e+02  1.927e+00
 2.7000  1.78697e+01  1.789e+01 -1.698e-02 -1.698e-02  0.000e+00  0.000e+00 -1.698e-02  0.000e+00  0.000e+00  0.000e+00  0.000e+00  0.000e+00  3.000e+02  1.927e+00
 2.7500  1.78602e+01  1.787e+01 -8.318e-03 -8.318e-03  0.000e+00  0.000e+00 -8.318e-03  0.000e+00  0.000e+00  0.000e+00  0.000e+00  0.000e+00  2.997e+02  1.923e+00
 2.8000  1.78587e+01  1.786e+01 -2.659e-03 -2.659e-03  0.000e+00  0.000e+00 -2.659e-03  0.000e+00  0.000e+00  0.000e+00  0.000e+00  0.000e+00  2.996e+02  1.920e+00
 2.8500  1.78611e+01  1.786e+01 -8.196e-04 -8.196e-04  0.000e+00  0.000e+00 -8.196e-04  0.000e+00  0.000e+00  0.000e+00  0.000e+00  0.000e+00  2.996e+02  1.920e+00
 2.9000  1.78588e+01  1.786e+01 -2.962e-04 -2.962e-04  0.000e+00  0.000e+00 -2.962e-04  0.000e+00  0.000e+00  0.000e+00  0.000e+00  0.000e+00  2.996e+02  1.919e+00
 2.9500  1.78541e+01  1.785e+01 -1.471e-04 -1.471e-04  0.000e+00  0.000e+00 -1.471e-04  0.000e+00  0.000e+00  0.000e+00  0.000e+00  0.000e+00  2.995e+02  1.919e+00
 3.0000  1.78481e+01  1.785e+01 -1.182e-04 -1.182e-04  0.000e+00  0.000e+00 -1.182e-04  0.000e+00  0.000e+00  0.000e+00  0.000e+00  0.000e+00  2.994e+02  1.918e+00
 3.0500  1.78499e+01  1.785e+01 -1.491e-04 -1.491e-04  0.000e+00  0.000e+00 -1.491e-04  0.000e+00  0.000e+00  0.000e+00  0.000e+00  0.000e+00  2.994e+02  1.918e+00
 3.1000  1.78465e+01  1.785e+01 -2.423e-04 -2.423e-04  0.000e+00  0.000e+00 -2.423e-04  0.000e+00  0.000e+00  0.000e+00  0.000e+00  0.000e+00  2.994e+02  1.918e+00
 3.1500  1.78416e+01  1.784e+01 -4.392e-04 -4.392e-04  0.000e+00  0.000e+00 -4.392e-04  0.000e+00  0.000e+00  0.000e+00  0.000e+00  0.000e+00  2.993e+02  1.917e+00
 3.2000  1.78360e+01  1.784e+01 -8.228e-04 -8.228e-04  0.000e+00  0.000e+00 -8.228e-04  0.000e+00  0.000e+00  0.000e+00  0.000e+00  0.000e+00  2.992e+02  1.917e+00
 3.2500  1.78301e+01  1.783e+01 -1.497e-03 -1.497e-03  0.000e+00  0.000e+00 -1.497e-03  0.000e+00  0.000e+00  0.000e+00  0.000e+00  0.000e+00  2.991e+02  1.917e+00
 3.3000  1.78364e+01  1.784e+01 -2.446e-03 -2.446e-03  0.000e+00  0.000e+00 -2.446e-03  0.000e+00  0.000e+00  0.000e+00  0.000e+00  0.000e+00  2.992e+02  1.918e+00
 3.3500  1.78337e+01  1.784e+01 -3.286e-03 -3.286e-03  0.000e+00  0.000e+00 -3.286e-03  0.000e+00  0.000e+00  0.000e+00  0.000e+00  0.000e+00  2.992e+02  1.918e+00
 3.4000  1.78296e+01  1.783e+01 -3.453e-03 -3.453e-03  0.000e+00  0.000e+00 -3.453e-03  0.000e+00  0.000e+00  0.000e+00  0.000e+00  0.000e+00  2.991e+02  1.917e+00
 3.4500  1.78233e+01  1.783e+01 -3.075e-03 -3.075e-03  0.000e+00  0.000e+00 -3.075e-03  0.000e+00  0.000e+00  0.000e+00  0.000e+00  0.000e+00  2.990e+02  1.917e+00
 3.5000  1.78213e+01  1.782e+01 -3.222e-03 -3.222e-03  0.000e+00  0.000e+00 -3.222e-03  0.000e+00  0.000e+00  0.000e+00  0.000e+00  0.000e+00  2.990e+02  1.916e+00
 3.5500  1.78182e+01  1.782e+01 -5.767e-03 -5.767e-03  0.000e+00  0.000e+00 -5.767e-03  0.000e+00  0.000e+00  0.000e+00  0.000e+00  0.000e+00  2.990e+02  1.917e+00
 3.6000  1.78143e+01  1.783e+01 -1.382e-02 -1.382e-02  0.000e+00  0.000e+00 -1.382e-02  0.000e+00  0.000e+00  0.000e+00  0.000e+00  0.000e+00  2.990e+02  1.920e+00
 3.6500  1.78098e+01  1.784e+01 -2.606e-02 -2.606e-02  0.000e+00  0.000e+00 -2.606e-02  0.000e+00  0.000e+00  0.000e+00  0.000e+00  0.000e+00  2.992e+02  1.925e+00
 3.7000  1.78047e+01  1.783e+01 -2.794e-02 -2.794e-02  0.000e+00  0.000e+00 -2.794e-02  0.000e+00  0.000e+00  0.000e+00  0.000e+00  0.000e+00  2.991e+02  1.925e+00
 3.7500  1.77994e+01  1.782e+01 -1.818e-02 -1.818e-02  0.000e+00  0.000e+00 -1.818e-02  0.000e+00  0.000e+00  0.000e+00  0.000e+00  0.000e+00  2.989e+02  1.920e+00
 3.8000  1.77945e+01  1.780e+01 -8.308e-03 -8.308e-03  0.000e+00  0.000e+00 -8.308e-03  0.000e+00  0.000e+00  0.000e+00  0.000e+00  0.000e+00  2.986e+02  1.916e+00
 3.8500  1.77904e+01  1.779e+01 -3.026e-03 -3.026e-03  0.000e+00  0.000e+00 -3.026e-03  0.000e+00  0.000e+00  0.000e+00  0.000e+00  0.000e+00  2.985e+02  1.913e+00
 3.9000  1.77872e+01  1.779e+01 -1.209e-03 -1.209e-03  0.000e+00  0.000e+00 -1.209e-03  0.000e+00  0.000e+00  0.000e+00  0.000e+00  0.000e+00  2.984e+02  1.912e+00
 3.9500  1.77900e+01  1.779e+01 -7.240e-04 -7.240e-04  0.000e+00  0.000e+00 -7.240e-04  0.000e+00  0.000e+00  0.000e+00  0.000e+00  0.000e+00  2.984e+02  1.912e+00
 4.0000  1.77899e+01  1.779e+01 -7.343e-04 -7.343e-04  0.000e+00  0.000e+00 -7.343e-04  0.000e+00  0.000e+00  0.000e+00  0.000e+00  0.000e+00  2.984e+02  1.912e+00
 4.0500  1.77899e+01  1.779e+01 -1.075e-03 -1.075e-03  0.000e+00  0.000e+00 -1.075e-03  0.000e+00  0.000e+00  0.000e+00  0.000e+00  0.000e+00  2.984e+02  1.912e+00
 4.1000  1.77899e+01  1.779e+01 -1.868e-03 -1.868e-03  0.000e+00  0.000e+00 -1.868e-03  0.000e+00  0.000e+00  0.000e+00  0.000e+00  0.000e+00  2.984e+02  1.913e+00
 4.1500  1.77899e+01  1.779e+01 -3.389e-03 -3.389e-03  0.000e+00  0.000e+00 -3.389e-03  0.000e+00  0.000e+00  0.000e+00  0.000e+00  0.000e+00  2.985e+02  1.913e+00
 4.2000  1.77899e+01  1.780e+01 -5.769e-03 -5.769e-03  0.000e+00  0.000e+00 -5.769e-03  0.000e+00  0.000e+00  0.000e+00  0.000e+00  0.000e+00  2.985e+02  1.914e+00
 4.2500  1.77899e+01  1.780e+01 -8.274e-03 -8.274e-03  0.000e+00  0.000e+00 -8.274e-03  0.000e+00  0.000e+00  0.000e+00  0.000e+00  0.000e+00  2.985e+02  1.915e+00
 4.3000  1.77899e+01  1.780e+01 -9.398e-03 -9.398e-03  0.000e+00  0.000e+00 -9.398e-03  0.000e+00  0.000e+00  0.000e+00  0.000e+00  0.000e+00  2.986e+02  1.916e+00
 4.3500  1.77886e+01  1.780e+01 -9.366e-03 -9.366e-03  0.000e+00  0.000e+00 -9.366e-03  0.000e+00  0.000e+00  0.000e+00  0.000e+00  0.000e+00  2.985e+02  1.916e+00
 4.4000  1.77886e+01  1.780e+01 -1.224e-02 -1.224e-02  0.000e+00  0.000e+00 -1.224e-02  0.000e+00  0.000e+00  0.000e+00  0.000e+00  0.000e+00  2.986e+02  1.917e+00
 4.4500  1.77872e+01  1.782e+01 -3.014e-02 -3.014e-02  0.000e+00  0.000e+00 -3.014e-02  0.000e+00  0.000e+00  0.000e+00  0.000e+00  0.000e+00  2.989e+02  1.924e+00
 4.5000  1.77872e+01  1.789e+01 -1.015e-01 -1.015e-01  0.000e+00  0.000e+00 -1.015e-01  0.000e+00  0.000e+00  0.000e+00  0.000e+00  0.000e+00  3.001e+02  1.945e+00
 4.5500  1.77874e+01  1.732e+01  4.643e-01  4.643e-01  0.000e+00  0.000e+00  4.643e-01  0.000e+00  0.000e+00  0.000e+00  0.000e+00  0.000e+00  2.906e+02  1.334e+00
 4.6000  1.77872e+01  1.793e+01 -1.467e-01 -1.467e-01  0.000e+00  0.000e+00 -1.467e-01  0.000e+00  0.000e+00  0.000e+00  0.000e+00  0.000e+00  3.008e+02  1.959e+00
 4.6500  1.77875e+01  1.747e+01  3.192e-01  3.192e-01  0.000e+00  0.000e+00  3.192e-01  0.000e+00  0.000e+00  0.000e+00  0.000e+00  0.000e+00  2.930e+02  1.461e+00
 4.7000  1.77872e+01  1.785e+01 -5.893e-02 -5.893e-02  0.000e+00  0.000e+00 -5.893e-02  0.000e+00  0.000e+00  0.000e+00  0.000e+00  0.000e+00  2.994e+02  1.935e+00
 4.7500  1.77872e+01  1.781e+01 -2.024e-02 -2.024e-02  0.000e+00  0.000e+00 -2.024e-02  0.000e+00  0.000e+00  0.000e+00  0.000e+00  0.000e+00  2.987e+02  1.920e+00
 4.8000  1.77849e+01  1.782e+01 -3.136e-02 -3.136e-02  0.000e+00  0.000e+00 -3.136e-02  0.000e+00  0.000e+00  0.000e+00  0.000e+00  0.000e+00  2.988e+02  1.924e+00
 4.8500  1.77849e+01  1.785e+01 -6.895e-02 -6.895e-02  0.000e+00  0.000e+00 -6.895e-02  0.000e+00  0.000e+00  0.000e+00  0.000e+00  0.000e+00  2.995e+02  1.937e+00
 4.9000  1.77849e+01  1.790e+01 -1.121e-01 -1.121e-01  0.000e+00  0.000e+00 -1.121e-01  0.000e+00  0.000e+00  0.000e+00  0.000e+00  0.000e+00  3.002e+02  1.935e+00
 4.9500  1.77849e+01  1.791e+01 -1.201e-01 -1.201e-01  0.000e+00  0.000e+00 -1.201e-01  0.000e+00  0.000e+00  0.000e+00  0.000e+00  0.000e+00  3.003e+02  1.927e+00
 5.0000  1.77849e+01  1.789e+01 -1.082e-01 -1.082e-01  0.000e+00  0.000e+00 -1.082e-01  0.000e+00  0.000e+00  0.000e+00  0.000e+00  0.000e+00  3.001e+02  1.949e+00
 5.0500  1.77849e+01  1.787e+01 -8.113e-02 -8.113e-02  0.000e+00  0.000e+00 -8.113e-02  0.000e+00  0.000e+00  0.000e+00  0.000e+00  0.000e+00  2.997e+02  1.944e+00
 5.1000  1.77849e+01  1.787e+01 -8.759e-02 -8.759e-02  0.000e+00  0.000e+00 -8.759e-02  0.000e+00  0.000e+00  0.000e+00  0.000e+00  0.000e+00  2.998e+02  1.947e+00
 5.1500  1.77869e+01  1.793e+01 -1.390e-01 -1.390e-01  0.000e+00  0.000e+00 -1.390e-01  0.000e+00  0.000e+00  0.000e+00  0.000e+00  0.000e+00  3.007e+02  1.967e+00
 5.2000  1.77888e+01  1.625e+01  1.536e+00  1.536e+00  0.000e+00  0.000e+00  1.536e+00  0.000e+00  0.000e+00  0.000e+00  0.000e+00  0.000e+00  2.726e+02  3.900e-01
 5.2500  1.77869e+01  1.788e+01 -9.617e-02 -9.617e-02  0.000e+00  0.000e+00 -9.617e-02  0.000e+00  0.000e+00  0.000e+00  0.000e+00  0.000e+00  3.000e+02  1.950e+00
 5.3000  1.77869e+01  1.782e+01 -3.336e-02 -3.336e-02  0.000e+00  0.000e+00 -3.336e-02  0.000e+00  0.000e+00  0.000e+00  0.000e+00  0.000e+00  2.989e+02  1.926e+00
 5.3500  1.77869e+01  1.780e+01 -1.649e-02 -1.649e-02  0.000e+00  0.000e+00 -1.649e-02  0.000e+00  0.000e+00  0.000e+00  0.000e+00  0.000e+00  2.986e+02  1.918e+00
 5.4000  1.77869e+01  1.780e+01 -1.162e-02 -1.162e-02  0.000e+00  0.000e+00 -1.162e-02  0.000e+00  0.000e+00  0.000e+00  0.000e+00  0.000e+00  2.986e+02  1.916e+00
 5.4500  1.77869e+01  1.780e+01 -1.142e-02 -1.142e-02  0.000e+00  0.000e+00 -1.142e-02  0.000e+00  0.000e+00  0.000e+00  0.000e+00  0.000e+00  2.985e+02  1.916e+00
 5.5000  1.77869e+01  1.780e+01 -1.232e-02 -1.232e-02  0.000e+00  0.000e+00 -1.232e-02  0.000e+00  0.000e+00  0.000e+00  0.000e+00  0.000e+00  2.986e+02  1.917e+00
 5.5500  1.77869e+01  1.780e+01 -1.210e-02 -1.210e-02  0.000e+00  0.000e+00 -1.210e-02  0.000e+00  0.000e+00  0.000e+00  0.000e+00  0.000e+00  2.986e+02  1.917e+00
 5.6000  1.77717e+01  1.761e+01  1.641e-01 -1.141e-02  0.000e+00  1.755e-01 -1.141e-02  0.000e+00  0.000e+00  0.000e+00  0.000e+00  0.000e+00  2.953e+02  3.527e+01
 5.6500  1.78025e+01  1.782e+01 -1.256e-02 -1.256e-02  0.000e+00  0.000e+00 -1.256e-02  0.000e+00  0.000e+00  0.000e+00  0.000e+00  0.000e+00  2.988e+02  1.918e+00
 5.7000  1.78025e+01  1.782e+01 -1.711e-02 -1.711e-02  0.000e+00  0.000e+00 -1.711e-02  0.000e+00  0.000e+00  0.000e+00  0.000e+00  0.000e+00  2.989e+02  1.920e+00
 5.7500  1.78025e+01  1.783e+01 -2.590e-02 -2.590e-02  0.000e+00  0.000e+00 -2.590e-02  0.000e+00  0.000e+00  0.000e+00  0.000e+00  0.000e+00  2.991e+02  1.924e+00
 5.8000  1.78025e+01  1.784e+01 -4.006e-02 -4.006e-02  0.000e+00  0.000e+00 -4.006e-02  0.000e+00  0.000e+00  0.000e+00  0.000e+00  0.000e+00  2.993e+02  1.930e+00
 5.8500  1.78025e+01  1.786e+01 -6.198e-02 -6.198e-02  0.000e+00  0.000e+00 -6.198e-02  0.000e+00  0.000e+00  0.000e+00  0.000e+00  0.000e+00  2.997e+02  1.938e+00
 5.9000  1.78025e+01  1.789e+01 -8.481e-02 -8.481e-02  0.000e+00  0.000e+00 -8.481e-02  0.000e+00  0.000e+00  0.000e+00  0.000e+00  0.000e+00  3.000e+02  1.946e+00
 5.9500  1.78025e+01  1.788e+01 -8.090e-02 -8.090e-02  0.000e+00  0.000e+00 -8.090e-02  0.000e+00  0.000e+00  0.000e+00  0.000e+00  0.000e+00  3.000e+02  1.945e+00
 6.0000  1.78025e+01  1.785e+01 -5.208e-02 -5.208e-02  0.000e+00  0.000e+00 -5.208e-02  0.000e+00  0.000e+00  0.000e+00  0.000e+00  0.000e+00  2.995e+02  1.934e+00
 6.0500  1.78025e+01  1.783e+01 -2.898e-02 -2.898e-02  0.000e+00  0.000e+00 -2.898e-02  0.000e+00  0.000e+00  0.000e+00  0.000e+00  0.000e+00  2.991e+02  1.925e+00
 6.1000  1.78025e+01  1.782e+01 -1.790e-02 -1.790e-02  0.000e+00  0.000e+00 -1.790e-02  0.000e+00  0.000e+00  0.000e+00  0.000e+00  0.000e+00  2.989e+02  1.921e+00
 6.1500  1.78025e+01  1.782e+01 -1.458e-02 -1.458e-02  0.000e+00  0.000e+00 -1.458e-02  0.000e+00  0.000e+00  0.000e+00  0.000e+00  0.000e+00  2.989e+02  1.919e+00
 6.2000  1.78025e+01  1.782e+01 -1.778e-02 -1.778e-02  0.000e+00  0.000e+00 -1.778e-02  0.000e+00  0.000e+00  0.000e+00  0.000e+00  0.000e+00  2.989e+02  1.921e+00
 6.2500  1.78025e+01  1.783e+01 -2.839e-02 -2.839e-02  0.000e+00  0.000e+00 -2.839e-02  0.000e+00  0.000e+00  0.000e+00  0.000e+00  0.000e+00  2.991e+02  1.925e+00
 6.3000  1.78153e+01  1.786e+01 -4.309e-02 -4.309e-02  0.000e+00  0.000e+00 -4.309e-02  0.000e+00  0.000e+00  0.000e+00  0.000e+00  0.000e+00  2.996e+02  1.932e+00
 6.3500  1.78153e+01  1.786e+01 -4.960e-02 -4.960e-02  0.000e+00  0.000e+00 -4.960e-02  0.000e+00  0.000e+00  0.000e+00  0.000e+00  0.000e+00  2.997e+02  1.934e+00
 6.4000  1.78153e+01  1.786e+01 -4.042e-02 -4.042e-02  0.000e+00  0.000e+00 -4.042e-02  0.000e+00  0.000e+00  0.000e+00  0.000e+00  0.000e+00  2.995e+02  1.931e+00
 6.4500  1.78153e+01  1.784e+01 -2.460e-02 -2.460e-02  0.000e+00  0.000e+00 -2.460e-02  0.000e+00  0.000e+00  0.000e+00  0.000e+00  0.000e+00  2.992e+02  1.925e+00
 6.5000  1.78153e+01  1.783e+01 -1.362e-02 -1.362e-02  0.000e+00  0.000e+00 -1.362e-02  0.000e+00  0.000e+00  0.000e+00  0.000e+00  0.000e+00  2.991e+02  1.920e+00
 6.5500  1.78153e+01  1.783e+01 -9.884e-03 -9.884e-03  0.000e+00  0.000e+00 -9.884e-03  0.000e+00  0.000e+00  0.000e+00  0.000e+00  0.000e+00  2.990e+02  1.919e+00
 6.6000  1.78176e+01  1.783e+01 -1.315e-02 -1.315e-02  0.000e+00  0.000e+00 -1.315e-02  0.000e+00  0.000e+00  0.000e+00  0.000e+00  0.000e+00  2.991e+02  1.920e+00
 6.6500  1.78176e+01  1.785e+01 -2.783e-02 -2.783e-02  0.000e+00  0.000e+00 -2.783e-02  0.000e+00  0.000e+00  0.000e+00  0.000e+00  0.000e+00  2.993e+02  1.926e+00
 6.7000  1.78176e+01  1.789e+01 -6.757e-02 -6.757e-02  0.000e+00  0.000e+00 -6.757e-02  0.000e+00  0.000e+00  0.000e+00  0.000e+00  0.000e+00  3.000e+02  1.938e+00
 6.7500  1.78176e+01  1.790e+01 -8.728e-02 -8.728e-02  0.000e+00  0.000e+00 -8.728e-02  0.000e+00  0.000e+00  0.000e+00  0.000e+00  0.000e+00  3.003e+02  1.891e+00
 6.8000  1.78176e+01  1.785e+01 -3.647e-02 -3.647e-02  0.000e+00  0.000e+00 -3.647e-02  0.000e+00  0.000e+00  0.000e+00  0.000e+00  0.000e+00  2.995e+02  1.825e+00
 6.8500  1.78176e+01  1.790e+01 -8.248e-02 -8.248e-02  0.000e+00  0.000e+00 -8.248e-02  0.000e+00  0.000e+00  0.000e+00  0.000e+00  0.000e+00  3.003e+02  1.940e+00
 6.9000  1.78176e+01  1.785e+01 -3.495e-02 -3.495e-02  0.000e+00  0.000e+00 -3.495e-02  0.000e+00  0.000e+00  0.000e+00  0.000e+00  0.000e+00  2.995e+02  1.929e+00
 6.9500  1.78176e+01  1.783e+01 -1.618e-02 -1.618e-02  0.000e+00  0.000e+00 -1.618e-02  0.000e+00  0.000e+00  0.000e+00  0.000e+00  0.000e+00  2.991e+02  1.922e+00
 7.0000  1.78176e+01  1.783e+01 -1.164e-02 -1.164e-02  0.000e+00  0.000e+00 -1.164e-02  0.000e+00  0.000e+00  0.000e+00  0.000e+00  0.000e+00  2.991e+02  1.920e+00
 7.0500  1.78176e+01  1.783e+01 -1.494e-02 -1.494e-02  0.000e+00  0.000e+00 -1.494e-02  0.000e+00  0.000e+00  0.000e+00  0.000e+00  0.000e+00  2.991e+02  1.921e+00
 7.1000  1.78176e+01  1.785e+01 -2.840e-02 -2.840e-02  0.000e+00  0.000e+00 -2.840e-02  0.000e+00  0.000e+00  0.000e+00  0.000e+00  0.000e+00  2.993e+02  1.927e+00
 7.1500  1.78176e+01  1.789e+01 -7.235e-02 -7.235e-02  0.000e+00  0.000e+00 -7.235e-02  0.000e+00  0.000e+00  0.000e+00  0.000e+00  0.000e+00  3.001e+02  1.942e+00
 7.2000  1.78175e+01  1.785e+01 -3.480e-02 -3.480e-02  0.000e+00  0.000e+00 -3.480e-02  0.000e+00  0.000e+00  0.000e+00  0.000e+00  0.000e+00  2.995e+02  1.813e+00
 7.2500  1.78175e+01  1.792e+01 -9.948e-02 -9.948e-02  0.000e+00  0.000e+00 -9.948e-02  0.000e+00  0.000e+00  0.000e+00  0.000e+00  0.000e+00  3.005e+02  1.897e+00
 7.3000  1.78018e+01  1.785e+01 -5.217e-02 -5.217e-02  0.000e+00  0.000e+00 -5.217e-02  0.000e+00  0.000e+00  0.000e+00  0.000e+00  0.000e+00  2.995e+02  1.933e+00
 7.3500  1.78018e+01  1.782e+01 -1.732e-02 -1.732e-02  0.000e+00  0.000e+00 -1.732e-02  0.000e+00  0.000e+00  0.000e+00  0.000e+00  0.000e+00  2.989e+02  1.920e+00
 7.4000  1.78018e+01  1.781e+01 -8.272e-03 -8.272e-03  0.000e+00  0.000e+00 -8.272e-03  0.000e+00  0.000e+00  0.000e+00  0.000e+00  0.000e+00  2.987e+02  1.917e+00
 7.4500  1.78018e+01  1.781e+01 -6.889e-03 -6.889e-03  0.000e+00  0.000e+00 -6.889e-03  0.000e+00  0.000e+00  0.000e+00  0.000e+00  0.000e+00  2.987e+02  1.916e+00
 7.5000  1.78018e+01  1.781e+01 -6.295e-03 -6.295e-03  0.000e+00  0.000e+00 -6.295e-03  0.000e+00  0.000e+00  0.000e+00  0.000e+00  0.000e+00  2.987e+02  1.916e+00
 7.5500  1.78018e+01  1.781e+01 -4.069e-03 -4.069e-03  0.000e+00  0.000e+00 -4.069e-03  0.000e+00  0.000e+00  0.000e+00  0.000e+00  0.000e+00  2.987e+02  1.915e+00
 7.6000  1.78018e+01  1.780e+01 -2.525e-03 -2.525e-03  0.000e+00  0.000e+00 -2.525e-03  0.000e+00  0.000e+00  0.000e+00  0.000e+00  0.000e+00  2.986e+02  1.914e+00
 7.6500  1.78018e+01  1.780e+01 -2.334e-03 -2.334e-03  0.000e+00  0.000e+00 -2.334e-03  0.000e+00  0.000e+00  0.000e+00  0.000e+00  0.000e+00  2.986e+02  1.914e+00
 7.7000  1.78018e+01  1.781e+01 -5.619e-03 -5.619e-03  0.000e+00  0.000e+00 -5.619e-03  0.000e+00  0.000e+00  0.000e+00  0.000e+00  0.000e+00  2.987e+02  1.915e+00
 7.7500  1.78018e+01  1.784e+01 -3.478e-02 -3.478e-02  0.000e+00  0.000e+00 -3.478e-02  0.000e+00  0.000e+00  0.000e+00  0.000e+00  0.000e+00  2.992e+02  1.927e+00
 7.8000  1.78014e+01  1.760e+01  2.019e-01  2.019e-01  0.000e+00  0.000e+00  2.019e-01  0.000e+00  0.000e+00  0.000e+00  0.000e+00  0.000e+00  2.952e+02  1.584e+00
 7.8500  1.78151e+01  1.790e+01 -8.773e-02 -8.773e-02  0.000e+00  0.000e+00 -8.773e-02  0.000e+00  0.000e+00  0.000e+00  0.000e+00  0.000e+00  3.003e+02  1.939e+00
 7.9000  1.78151e+01  1.783e+01 -1.240e-02 -1.240e-02  0.000e+00  0.000e+00 -1.240e-02  0.000e+00  0.000e+00  0.000e+00  0.000e+00  0.000e+00  2.990e+02  1.920e+00
 7.9500  1.78151e+01  1.782e+01 -3.753e-03 -3.753e-03  0.000e+00  0.000e+00 -3.753e-03  0.000e+00  0.000e+00  0.000e+00  0.000e+00  0.000e+00  2.989e+02  1.916e+00
 8.0000  1.78151e+01  1.782e+01 -7.235e-03 -7.235e-03  0.000e+00  0.000e+00 -7.235e-03  0.000e+00  0.000e+00  0.000e+00  0.000e+00  0.000e+00  2.990e+02  1.918e+00
 8.0500  1.78151e+01  1.785e+01 -3.066e-02 -3.066e-02  0.000e+00  0.000e+00 -3.066e-02  0.000e+00  0.000e+00  0.000e+00  0.000e+00  0.000e+00  2.993e+02  1.927e+00
 8.1000  1.78151e+01  1.789e+01 -7.358e-02 -7.358e-02  0.000e+00  0.000e+00 -7.358e-02  0.000e+00  0.000e+00  0.000e+00  0.000e+00  0.000e+00  3.001e+02  1.939e+00
 8.1500  1.78151e+01  1.787e+01 -5.231e-02 -5.231e-02  0.000e+00  0.000e+00 -5.231e-02  0.000e+00  0.000e+00  0.000e+00  0.000e+00  0.000e+00  2.997e+02  1.934e+00
 8.2000  1.78151e+01  1.783e+01 -1.354e-02 -1.354e-02  0.000e+00  0.000e+00 -1.354e-02  0.000e+00  0.000e+00  0.000e+00  0.000e+00  0.000e+00  2.991e+02  1.920e+00
 8.2500  1.78151e+01  1.782e+01 -3.162e-03 -3.162e-03  0.000e+00  0.000e+00 -3.162e-03  0.000e+00  0.000e+00  0.000e+00  0.000e+00  0.000e+00  2.989e+02  1.916e+00
 8.3000  1.78151e+01  1.782e+01 -1.247e-03 -1.247e-03  0.000e+00  0.000e+00 -1.247e-03  0.000e+00  0.000e+00  0.000e+00  0.000e+00  0.000e+00  2.989e+02  1.915e+00
 8.3500  1.78151e+01  1.782e+01 -1.133e-03 -1.133e-03  0.000e+00  0.000e+00 -1.133e-03  0.000e+00  0.000e+00  0.000e+00  0.000e+00  0.000e+00  2.988e+02  1.915e+00
 8.4000  1.78151e+01  1.782e+01 -1.757e-03 -1.757e-03  0.000e+00  0.000e+00 -1.757e-03  0.000e+00  0.000e+00  0.000e+00  0.000e+00  0.000e+00  2.989e+02  1.915e+00
 8.4500  1.78151e+01  1.782e+01 -2.816e-03 -2.816e-03  0.000e+00  0.000e+00 -2.816e-03  0.000e+00  0.000e+00  0.000e+00  0.000e+00  0.000e+00  2.989e+02  1.916e+00
 8.5000  1.78151e+01  1.782e+01 -3.437e-03 -3.437e-03  0.000e+00  0.000e+00 -3.437e-03  0.000e+00  0.000e+00  0.000e+00  0.000e+00  0.000e+00  2.989e+02  1.916e+00
 8.5500  1.78151e+01  1.782e+01 -2.852e-03 -2.852e-03  0.000e+00  0.000e+00 -2.852e-03  0.000e+00  0.000e+00  0.000e+00  0.000e+00  0.000e+00  2.989e+02  1.916e+00
 8.6000  1.78151e+01  1.782e+01 -1.754e-03 -1.754e-03  0.000e+00  0.000e+00 -1.754e-03  0.000e+00  0.000e+00  0.000e+00  0.000e+00  0.000e+00  2.989e+02  1.915e+00
 8.6500  1.78151e+01  1.782e+01 -9.942e-04 -9.942e-04  0.000e+00  0.000e+00 -9.942e-04  0.000e+00  0.000e+00  0.000e+00  0.000e+00  0.000e+00  2.988e+02  1.915e+00
 8.7000  1.78151e+01  1.782e+01 -6.578e-04 -6.578e-04  0.000e+00  0.000e+00 -6.578e-04  0.000e+00  0.000e+00  0.000e+00  0.000e+00  0.000e+00  2.988e+02  1.915e+00
 8.7500  1.78129e+01  1.776e+01  5.091e-02 -5.741e-04  0.000e+00  5.148e-02 -5.741e-04  0.000e+00  0.000e+00  0.000e+00  0.000e+00  0.000e+00  2.979e+02  1.998e+01
 8.8000  1.78227e+01  1.782e+01 -6.232e-04 -6.232e-04  0.000e+00  0.000e+00 -6.232e-04  0.000e+00  0.000e+00  0.000e+00  0.000e+00  0.000e+00  2.990e+02  1.916e+00
 8.8500  1.78205e+01  1.782e+01 -7.512e-04 -7.512e-04  0.000e+00  0.000e+00 -7.512e-04  0.000e+00  0.000e+00  0.000e+00  0.000e+00  0.000e+00  2.989e+02  1.915e+00
 8.9000  1.78205e+01  1.782e+01 -9.444e-04 -9.444e-04  0.000e+00  0.000e+00 -9.444e-04  0.000e+00  0.000e+00  0.000e+00  0.000e+00  0.000e+00  2.989e+02  1.915e+00
 8.9500  1.78205e+01  1.782e+01 -1.226e-03 -1.226e-03  0.000e+00  0.000e+00 -1.226e-03  0.000e+00  0.000e+00  0.000e+00  0.000e+00  0.000e+00  2.989e+02  1.916e+00
 9.0000  1.78205e+01  1.782e+01 -1.664e-03 -1.664e-03  0.000e+00  0.000e+00 -1.664e-03  0.000e+00  0.000e+00  0.000e+00  0.000e+00  0.000e+00  2.989e+02  1.916e+00
 9.0500  1.78205e+01  1.782e+01 -2.390e-03 -2.390e-03  0.000e+00  0.000e+00 -2.390e-03  0.000e+00  0.000e+00  0.000e+00  0.000e+00  0.000e+00  2.990e+02  1.916e+00
 9.1000  1.78205e+01  1.782e+01 -3.627e-03 -3.627e-03  0.000e+00  0.000e+00 -3.627e-03  0.000e+00  0.000e+00  0.000e+00  0.000e+00  0.000e+00  2.990e+02  1.917e+00
 9.1500  1.78205e+01  1.783e+01 -5.786e-03 -5.786e-03  0.000e+00  0.000e+00 -5.786e-03  0.000e+00  0.000e+00  0.000e+00  0.000e+00  0.000e+00  2.990e+02  1.917e+00
 9.2000  1.78205e+01  1.783e+01 -9.673e-03 -9.673e-03  0.000e+00  0.000e+00 -9.673e-03  0.000e+00  0.000e+00  0.000e+00  0.000e+00  0.000e+00  2.991e+02  1.919e+00
 9.2500  1.78203e+01  1.784e+01 -1.696e-02 -1.696e-02  0.000e+00  0.000e+00 -1.696e-02  0.000e+00  0.000e+00  0.000e+00  0.000e+00  0.000e+00  2.992e+02  1.922e+00
 9.3000  1.78203e+01  1.785e+01 -3.130e-02 -3.130e-02  0.000e+00  0.000e+00 -3.130e-02  0.000e+00  0.000e+00  0.000e+00  0.000e+00  0.000e+00  2.994e+02  1.928e+00
 9.3500  1.78203e+01  1.788e+01 -6.040e-02 -6.040e-02  0.000e+00  0.000e+00 -6.040e-02  0.000e+00  0.000e+00  0.000e+00  0.000e+00  0.000e+00  2.999e+02  1.937e+00
 9.4000  1.78322e+01  1.793e+01 -1.001e-01 -1.001e-01  0.000e+00  0.000e+00 -1.001e-01  0.000e+00  0.000e+00  0.000e+00  0.000e+00  0.000e+00  3.008e+02  1.929e+00
 9.4500  1.78323e+01  1.779e+01  4.562e-02  4.562e-02  0.000e+00  0.000e+00  4.562e-02  0.000e+00  0.000e+00  0.000e+00  0.000e+00  0.000e+00  2.984e+02  1.740e+00
 9.5000  1.78322e+01  1.793e+01 -1.000e-01 -1.000e-01  0.000e+00  0.000e+00 -1.000e-01  0.000e+00  0.000e+00  0.000e+00  0.000e+00  0.000e+00  3.008e+02  1.924e+00
 9.5500  1.78322e+01  1.790e+01 -6.340e-02 -6.340e-02  0.000e+00  0.000e+00 -6.340e-02  0.000e+00  0.000e+00  0.000e+00  0.000e+00  0.000e+00  3.002e+02  1.939e+00
 9.6000  1.78322e+01  1.787e+01 -3.286e-02 -3.286e-02  0.000e+00  0.000e+00 -3.286e-02  0.000e+00  0.000e+00  0.000e+00  0.000e+00  0.000e+00  2.997e+02  1.929e+00
 9.6500  1.78322e+01  1.785e+01 -1.784e-02 -1.784e-02  0.000e+00  0.000e+00 -1.784e-02  0.000e+00  0.000e+00  0.000e+00  0.000e+00  0.000e+00  2.994e+02  1.924e+00
 9.7000  1.78354e+01  1.785e+01 -1.035e-02 -1.035e-02  0.000e+00  0.000e+00 -1.035e-02  0.000e+00  0.000e+00  0.000e+00  0.000e+00  0.000e+00  2.993e+02  1.921e+00
 9.7500  1.78354e+01  1.784e+01 -6.541e-03 -6.541e-03  0.000e+00  0.000e+00 -6.541e-03  0.000e+00  0.000e+00  0.000e+00  0.000e+00  0.000e+00  2.993e+02  1.919e+00
 9.8000  1.78354e+01  1.784e+01 -4.674e-03 -4.674e-03  0.000e+00  0.000e+00 -4.674e-03  0.000e+00  0.000e+00  0.000e+00  0.000e+00  0.000e+00  2.992e+02  1.919e+00
 9.8500  1.78354e+01  1.784e+01 -3.863e-03 -3.863e-03  0.000e+00  0.000e+00 -3.863e-03  0.000e+00  0.000e+00  0.000e+00  0.000e+00  0.000e+00  2.992e+02  1.918e+00
 9.9000  1.78354e+01  1.784e+01 -3.506e-03 -3.506e-03  0.000e+00  0.000e+00 -3.506e-03  0.000e+00  0.000e+00  0.000e+00  0.000e+00  0.000e+00  2.992e+02  1.918e+00
 9.9500  1.78348e+01  1.784e+01 -3.128e-03 -3.128e-03  0.000e+00  0.000e+00 -3.128e-03  0.000e+00  0.000e+00  0.000e+00  0.000e+00  0.000e+00  2.992e+02  1.918e+00
10.0000  1.78348e+01  1.784e+01 -2.537e-03 -2.537e-03  0.000e+00  0.000e+00 -2.537e-03  0.000e+00  0.000e+00  0.000e+00  0.000e+00  0.000e+00  2.992e+02  1.918e+00
10.0500  1.78348e+01  1.784e+01 -1.865e-03 -1.865e-03  0.000e+00  0.000e+00 -1.865e-03  0.000e+00  0.000e+00  0.000e+00  0.000e+00  0.000e+00  2.992e+02  1.917e+00
10.1000  1.78348e+01  1.784e+01 -1.319e-03 -1.319e-03  0.000e+00  0.000e+00 -1.319e-03  0.000e+00  0.000e+00  0.000e+00  0.000e+00  0.000e+00  2.992e+02  1.917e+00
10.1500  1.78348e+01  1.784e+01 -9.930e-04 -9.930e-04  0.000e+00  0.000e+00 -9.930e-04  0.000e+00  0.000e+00  0.000e+00  0.000e+00  0.000e+00  2.992e+02  1.917e+00
10.2000  1.78348e+01  1.784e+01 -9.050e-04 -9.050e-04  0.000e+00  0.000e+00 -9.050e-04  0.000e+00  0.000e+00  0.000e+00  0.000e+00  0.000e+00  2.992e+02  1.917e+00
10.2500  1.78348e+01  1.784e+01 -1.070e-03 -1.070e-03  0.000e+00  0.000e+00 -1.070e-03  0.000e+00  0.000e+00  0.000e+00  0.000e+00  0.000e+00  2.992e+02  1.917e+00
10.3000  1.78348e+01  1.784e+01 -1.496e-03 -1.496e-03  0.000e+00  0.000e+00 -1.496e-03  0.000e+00  0.000e+00  0.000e+00  0.000e+00  0.000e+00  2.992e+02  1.917e+00
10.3500  1.78348e+01  1.784e+01 -2.134e-03 -2.134e-03  0.000e+00  0.000e+00 -2.134e-03  0.000e+00  0.000e+00  0.000e+00  0.000e+00  0.000e+00  2.992e+02  1.917e+00
10.4000  1.78372e+01  1.755e+01  2.880e-01 -2.999e-03  0.000e+00  2.910e-01 -2.999e-03  0.000e+00  0.000e+00  0.000e+00  0.000e+00  0.000e+00  2.944e+02  4.487e+01
10.4500  1.78356e+01  1.784e+01 -4.211e-03 -4.211e-03  0.000e+00  0.000e+00 -4.211e-03  0.000e+00  0.000e+00  0.000e+00  0.000e+00  0.000e+00  2.992e+02  1.918e+00
10.5000  1.78356e+01  1.784e+01 -5.259e-03 -5.259e-03  0.000e+00  0.000e+00 -5.259e-03  0.000e+00  0.000e+00  0.000e+00  0.000e+00  0.000e+00  2.993e+02  1.919e+00
10.5500  1.78441e+01  1.785e+01 -5.053e-03 -5.053e-03  0.000e+00  0.000e+00 -5.053e-03  0.000e+00  0.000e+00  0.000e+00  0.000e+00  0.000e+00  2.994e+02  1.920e+00
10.6000  1.78441e+01  1.785e+01 -3.703e-03 -3.703e-03  0.000e+00  0.000e+00 -3.703e-03  0.000e+00  0.000e+00  0.000e+00  0.000e+00  0.000e+00  2.994e+02  1.919e+00
10.6500  1.78441e+01  1.785e+01 -2.360e-03 -2.360e-03  0.000e+00  0.000e+00 -2.360e-03  0.000e+00  0.000e+00  0.000e+00  0.000e+00  0.000e+00  2.994e+02  1.919e+00
10.7000  1.78441e+01  1.785e+01 -1.568e-03 -1.568e-03  0.000e+00  0.000e+00 -1.568e-03  0.000e+00  0.000e+00  0.000e+00  0.000e+00  0.000e+00  2.993e+02  1.918e+00
10.7500  1.78441e+01  1.785e+01 -1.226e-03 -1.226e-03  0.000e+00  0.000e+00 -1.226e-03  0.000e+00  0.000e+00  0.000e+00  0.000e+00  0.000e+00  2.993e+02  1.918e+00
10.8000  1.78441e+01  1.785e+01 -1.132e-03 -1.132e-03  0.000e+00  0.000e+00 -1.132e-03  0.000e+00  0.000e+00  0.000e+00  0.000e+00  0.000e+00  2.993e+02  1.918e+00
10.8500  1.78441e+01  1.785e+01 -1.167e-03 -1.167e-03  0.000e+00  0.000e+00 -1.167e-03  0.000e+00  0.000e+00  0.000e+00  0.000e+00  0.000e+00  2.993e+02  1.918e+00
10.9000  1.78381e+01  1.745e+01  3.915e-01 -1.291e-03  0.000e+00  3.928e-01 -1.291e-03  0.000e+00  0.000e+00  0.000e+00  0.000e+00  0.000e+00  2.926e+02  5.182e+01
10.9500  1.78301e+01  1.783e+01 -1.559e-03 -1.559e-03  0.000e+00  0.000e+00 -1.559e-03  0.000e+00  0.000e+00  0.000e+00  0.000e+00  0.000e+00  2.991e+02  1.917e+00
11.0000  1.78301e+01  1.783e+01 -2.236e-03 -2.236e-03  0.000e+00  0.000e+00 -2.236e-03  0.000e+00  0.000e+00  0.000e+00  0.000e+00  0.000e+00  2.991e+02  1.917e+00
11.0500  1.78301e+01  1.783e+01 -4.231e-03 -4.231e-03  0.000e+00  0.000e+00 -4.231e-03  0.000e+00  0.000e+00  0.000e+00  0.000e+00  0.000e+00  2.992e+02  1.918e+00
11.1000  1.78301e+01  1.784e+01 -9.871e-03 -9.871e-03  0.000e+00  0.000e+00 -9.871e-03  0.000e+00  0.000e+00  0.000e+00  0.000e+00  0.000e+00  2.992e+02  1.920e+00
11.1500  1.78280e+01  1.785e+01 -1.988e-02 -1.988e-02  0.000e+00  0.000e+00 -1.988e-02  0.000e+00  0.000e+00  0.000e+00  0.000e+00  0.000e+00  2.994e+02  1.924e+00
11.2000  1.78280e+01  1.785e+01 -2.265e-02 -2.265e-02  0.000e+00  0.000e+00 -2.265e-02  0.000e+00  0.000e+00  0.000e+00  0.000e+00  0.000e+00  2.994e+02  1.925e+00
11.2500  1.78280e+01  1.784e+01 -1.328e-02 -1.328e-02  0.000e+00  0.000e+00 -1.328e-02  0.000e+00  0.000e+00  0.000e+00  0.000e+00  0.000e+00  2.993e+02  1.921e+00
11.3000  1.78280e+01  1.783e+01 -5.522e-03 -5.522e-03  0.000e+00  0.000e+00 -5.522e-03  0.000e+00  0.000e+00  0.000e+00  0.000e+00  0.000e+00  2.991e+02  1.918e+00
11.3500  1.78280e+01  1.783e+01 -2.429e-03 -2.429e-03  0.000e+00  0.000e+00 -2.429e-03  0.000e+00  0.000e+00  0.000e+00  0.000e+00  0.000e+00  2.991e+02  1.917e+00
11.4000  1.78280e+01  1.783e+01 -1.379e-03 -1.379e-03  0.000e+00  0.000e+00 -1.379e-03  0.000e+00  0.000e+00  0.000e+00  0.000e+00  0.000e+00  2.991e+02  1.916e+00
11.4500  1.78280e+01  1.783e+01 -9.990e-04 -9.990e-04  0.000e+00  0.000e+00 -9.990e-04  0.000e+00  0.000e+00  0.000e+00  0.000e+00  0.000e+00  2.991e+02  1.916e+00
11.5000  1.78280e+01  1.783e+01 -8.575e-04 -8.575e-04  0.000e+00  0.000e+00 -8.575e-04  0.000e+00  0.000e+00  0.000e+00  0.000e+00  0.000e+00  2.991e+02  1.916e+00
11.5500  1.78280e+01  1.783e+01 -8.467e-04 -8.467e-04  0.000e+00  0.000e+00 -8.467e-04  0.000e+00  0.000e+00  0.000e+00  0.000e+00  0.000e+00  2.991e+02  1.916e+00
11.6000  1.78138e+01  1.781e+01 -9.842e-04 -9.842e-04  0.000e+00  0.000e+00 -9.842e-04  0.000e+00  0.000e+00  0.000e+00  0.000e+00  0.000e+00  2.988e+02  1.915e+00
11.6500  1.78138e+01  1.782e+01 -1.395e-03 -1.395e-03  0.000e+00  0.000e+00 -1.395e-03  0.000e+00  0.000e+00  0.000e+00  0.000e+00  0.000e+00  2.988e+02  1.915e+00
11.7000  1.78138e+01  1.782e+01 -2.414e-03 -2.414e-03  0.000e+00  0.000e+00 -2.414e-03  0.000e+00  0.000e+00  0.000e+00  0.000e+00  0.000e+00  2.988e+02  1.915e+00
11.7500  1.78138e+01  1.782e+01 -4.839e-03 -4.839e-03  0.000e+00  0.000e+00 -4.839e-03  0.000e+00  0.000e+00  0.000e+00  0.000e+00  0.000e+00  2.989e+02  1.916e+00
11.8000  1.78138e+01  1.782e+01 -1.020e-02 -1.020e-02  0.000e+00  0.000e+00 -1.020e-02  0.000e+00  0.000e+00  0.000e+00  0.000e+00  0.000e+00  2.990e+02  1.919e+00
11.8500  1.78138e+01  1.783e+01 -1.977e-02 -1.977e-02  0.000e+00  0.000e+00 -1.977e-02  0.000e+00  0.000e+00  0.000e+00  0.000e+00  0.000e+00  2.991e+02  1.923e+00
11.9000  1.78138e+01  1.784e+01 -3.077e-02 -3.077e-02  0.000e+00  0.000e+00 -3.077e-02  0.000e+00  0.000e+00  0.000e+00  0.000e+00  0.000e+00  2.993e+02  1.927e+00
11.9500  1.78138e+01  1.785e+01 -3.800e-02 -3.800e-02  0.000e+00  0.000e+00 -3.800e-02  0.000e+00  0.000e+00  0.000e+00  0.000e+00  0.000e+00  2.994e+02  1.930e+00
12.0000  1.78138e+01  1.785e+01 -4.075e-02 -4.075e-02  0.000e+00  0.000e+00 -4.075e-02  0.000e+00  0.000e+00  0.000e+00  0.000e+00  0.000e+00  2.995e+02  1.931e+00
12.0500  1.78138e+01  1.786e+01 -4.375e-02 -4.375e-02  0.000e+00  0.000e+00 -4.375e-02  0.000e+00  0.000e+00  0.000e+00  0.000e+00  0.000e+00  2.995e+02  1.933e+00
12.1000  1.78132e+01  1.779e+01  2.131e-02  2.131e-02  0.000e+00  0.000e+00  2.131e-02  0.000e+00  0.000e+00  0.000e+00  0.000e+00  0.000e+00  2.984e+02  1.754e+00
12.1500  1.78138e+01  1.791e+01 -9.658e-02 -9.658e-02  0.000e+00  0.000e+00 -9.658e-02  0.000e+00  0.000e+00  0.000e+00  0.000e+00  0.000e+00  3.004e+02  1.944e+00
12.2000  1.78138e+01  1.783e+01 -2.046e-02 -2.046e-02  0.000e+00  0.000e+00 -2.046e-02  0.000e+00  0.000e+00  0.000e+00  0.000e+00  0.000e+00  2.992e+02  1.923e+00
12.2500  1.78138e+01  1.783e+01 -1.523e-02 -1.523e-02  0.000e+00  0.000e+00 -1.523e-02  0.000e+00  0.000e+00  0.000e+00  0.000e+00  0.000e+00  2.991e+02  1.921e+00
12.3000  1.78138e+01  1.783e+01 -1.411e-02 -1.411e-02  0.000e+00  0.000e+00 -1.411e-02  0.000e+00  0.000e+00  0.000e+00  0.000e+00  0.000e+00  2.990e+02  1.920e+00
12.3500  1.78138e+01  1.783e+01 -1.730e-02 -1.730e-02  0.000e+00  0.000e+00 -1.730e-02  0.000e+00  0.000e+00  0.000e+00  0.000e+00  0.000e+00  2.991e+02  1.922e+00
12.4000  1.78123e+01  1.784e+01 -3.182e-02 -3.182e-02  0.000e+00  0.000e+00 -3.182e-02  0.000e+00  0.000e+00  0.000e+00  0.000e+00  0.000e+00  2.993e+02  1.928e+00
12.4500  1.78123e+01  1.790e+01 -8.373e-02 -8.373e-02  0.000e+00  0.000e+00 -8.373e-02  0.000e+00  0.000e+00  0.000e+00  0.000e+00  0.000e+00  3.002e+02  1.946e+00
12.5000  1.78121e+01  1.795e+01 -1.332e-01 -1.332e-01  0.000e+00  0.000e+00 -1.332e-01  0.000e+00  0.000e+00  0.000e+00  0.000e+00  0.000e+00  3.010e+02  1.911e+00
12.5500  1.78121e+01  1.802e+01 -2.050e-01 -2.050e-01  0.000e+00  0.000e+00 -2.050e-01  0.000e+00  0.000e+00  0.000e+00  0.000e+00  0.000e+00  3.022e+02  1.956e+00
12.6000  1.78121e+01  1.792e+01 -1.105e-01 -1.105e-01  0.000e+00  0.000e+00 -1.105e-01  0.000e+00  0.000e+00  0.000e+00  0.000e+00  0.000e+00  3.006e+02  1.871e+00
12.6500  1.78121e+01  1.792e+01 -1.048e-01 -1.048e-01  0.000e+00  0.000e+00 -1.048e-01  0.000e+00  0.000e+00  0.000e+00  0.000e+00  0.000e+00  3.005e+02  1.946e+00
12.7000  1.78121e+01  1.784e+01 -3.237e-02 -3.237e-02  0.000e+00  0.000e+00 -3.237e-02  0.000e+00  0.000e+00  0.000e+00  0.000e+00  0.000e+00  2.993e+02  1.927e+00
12.7500  1.78121e+01  1.782e+01 -1.022e-02 -1.022e-02  0.000e+00  0.000e+00 -1.022e-02  0.000e+00  0.000e+00  0.000e+00  0.000e+00  0.000e+00  2.990e+02  1.918e+00
12.8000  1.78121e+01  1.782e+01 -4.940e-03 -4.940e-03  0.000e+00  0.000e+00 -4.940e-03  0.000e+00  0.000e+00  0.000e+00  0.000e+00  0.000e+00  2.989e+02  1.916e+00
12.8500  1.78121e+01  1.782e+01 -4.103e-03 -4.103e-03  0.000e+00  0.000e+00 -4.103e-03  0.000e+00  0.000e+00  0.000e+00  0.000e+00  0.000e+00  2.988e+02  1.916e+00
12.9000  1.78121e+01  1.782e+01 -5.410e-03 -5.410e-03  0.000e+00  0.000e+00 -5.410e-03  0.000e+00  0.000e+00  0.000e+00  0.000e+00  0.000e+00  2.989e+02  1.916e+00
12.9500  1.78121e+01  1.782e+01 -9.318e-03 -9.318e-03  0.000e+00  0.000e+00 -9.318e-03  0.000e+00  0.000e+00  0.000e+00  0.000e+00  0.000e+00  2.989e+02  1.918e+00
13.0000  1.78121e+01  1.783e+01 -1.796e-02 -1.796e-02  0.000e+00  0.000e+00 -1.796e-02  0.000e+00  0.000e+00  0.000e+00  0.000e+00  0.000e+00  2.991e+02  1.922e+00
13.0500  1.78204e+01  1.786e+01 -3.515e-02 -3.515e-02  0.000e+00  0.000e+00 -3.515e-02  0.000e+00  0.000e+00  0.000e+00  0.000e+00  0.000e+00  2.995e+02  1.930e+00
13.1000  1.78204e+01  1.789e+01 -6.914e-02 -6.914e-02  0.000e+00  0.000e+00 -6.914e-02  0.000e+00  0.000e+00  0.000e+00  0.000e+00  0.000e+00  3.001e+02  1.944e+00
13.1500  1.78203e+01  1.799e+01 -1.704e-01 -1.704e-01  0.000e+00  0.000e+00 -1.704e-01  0.000e+00  0.000e+00  0.000e+00  0.000e+00  0.000e+00  3.018e+02  1.974e+00
13.2000  1.78203e+01  1.803e+01 -2.126e-01 -2.126e-01  0.000e+00  0.000e+00 -2.126e-01  0.000e+00  0.000e+00  0.000e+00  0.000e+00  0.000e+00  3.025e+02  1.963e+00
13.2500  1.78178e+01  1.793e+01 -1.133e-01 -1.538e-01  0.000e+00  4.054e-02 -1.538e-01  0.000e+00  0.000e+00  0.000e+00  0.000e+00  0.000e+00  3.008e+02  1.799e+01
13.3000  1.78253e+01  1.795e+01 -1.226e-01 -1.226e-01  0.000e+00  0.000e+00 -1.226e-01  0.000e+00  0.000e+00  0.000e+00  0.000e+00  0.000e+00  3.011e+02  1.942e+00
13.3500  1.78253e+01  1.792e+01 -8.982e-02 -8.982e-02  0.000e+00  0.000e+00 -8.982e-02  0.000e+00  0.000e+00  0.000e+00  0.000e+00  0.000e+00  3.005e+02  1.945e+00
13.4000  1.78253e+01  1.787e+01 -4.587e-02 -4.587e-02  0.000e+00  0.000e+00 -4.587e-02  0.000e+00  0.000e+00  0.000e+00  0.000e+00  0.000e+00  2.998e+02  1.934e+00
13.4500  1.78253e+01  1.784e+01 -1.965e-02 -1.965e-02  0.000e+00  0.000e+00 -1.965e-02  0.000e+00  0.000e+00  0.000e+00  0.000e+00  0.000e+00  2.993e+02  1.924e+00
13.5000  1.78253e+01  1.783e+01 -8.467e-03 -8.467e-03  0.000e+00  0.000e+00 -8.467e-03  0.000e+00  0.000e+00  0.000e+00  0.000e+00  0.000e+00  2.991e+02  1.919e+00
13.5500  1.78253e+01  1.783e+01 -4.058e-03 -4.058e-03  0.000e+00  0.000e+00 -4.058e-03  0.000e+00  0.000e+00  0.000e+00  0.000e+00  0.000e+00  2.991e+02  1.917e+00
13.6000  1.78253e+01  1.783e+01 -2.289e-03 -2.289e-03  0.000e+00  0.000e+00 -2.289e-03  0.000e+00  0.000e+00  0.000e+00  0.000e+00  0.000e+00  2.990e+02  1.917e+00
13.6500  1.78253e+01  1.783e+01 -1.544e-03 -1.544e-03  0.000e+00  0.000e+00 -1.544e-03  0.000e+00  0.000e+00  0.000e+00  0.000e+00  0.000e+00  2.990e+02  1.916e+00
13.7000  1.78253e+01  1.783e+01 -1.209e-03 -1.209e-03  0.000e+00  0.000e+00 -1.209e-03  0.000e+00  0.000e+00  0.000e+00  0.000e+00  0.000e+00  2.990e+02  1.916e+00
13.7500  1.78253e+01  1.783e+01 -1.045e-03 -1.045e-03  0.000e+00  0.000e+00 -1.045e-03  0.000e+00  0.000e+00  0.000e+00  0.000e+00  0.000e+00  2.990e+02  1.916e+00
13.8000  1.78253e+01  1.783e+01 -9.681e-04 -9.681e-04  0.000e+00  0.000e+00 -9.681e-04  0.000e+00  0.000e+00  0.000e+00  0.000e+00  0.000e+00  2.990e+02  1.916e+00
13.8500  1.78253e+01  1.783e+01 -9.824e-04 -9.824e-04  0.000e+00  0.000e+00 -9.824e-04  0.000e+00  0.000e+00  0.000e+00  0.000e+00  0.000e+00  2.990e+02  1.916e+00
13.9000  1.78253e+01  1.783e+01 -1.206e-03 -1.206e-03  0.000e+00  0.000e+00 -1.206e-03  0.000e+00  0.000e+00  0.000e+00  0.000e+00  0.000e+00  2.990e+02  1.916e+00
13.9500  1.78253e+01  1.783e+01 -2.065e-03 -2.065e-03  0.000e+00  0.000e+00 -2.065e-03  0.000e+00  0.000e+00  0.000e+00  0.000e+00  0.000e+00  2.990e+02  1.916e+00
14.0000  1.78253e+01  1.783e+01 -4.618e-03 -4.618e-03  0.000e+00  0.000e+00 -4.618e-03  0.000e+00  0.000e+00  0.000e+00  0.000e+00  0.000e+00  2.991e+02  1.918e+00
14.0500  1.78253e+01  1.783e+01 -8.674e-03 -8.674e-03  0.000e+00  0.000e+00 -8.674e-03  0.000e+00  0.000e+00  0.000e+00  0.000e+00  0.000e+00  2.991e+02  1.919e+00
14.1000  1.78253e+01  1.783e+01 -8.607e-03 -8.607e-03  0.000e+00  0.000e+00 -8.607e-03  0.000e+00  0.000e+00  0.000e+00  0.000e+00  0.000e+00  2.991e+02  1.919e+00
14.1500  1.78253e+01  1.783e+01 -5.418e-03 -5.418e-03  0.000e+00  0.000e+00 -5.418e-03  0.000e+00  0.000e+00  0.000e+00  0.000e+00  0.000e+00  2.991e+02  1.918e+00
14.2000  1.78253e+01  1.783e+01 -6.983e-03 -6.983e-03  0.000e+00  0.000e+00 -6.983e-03  0.000e+00  0.000e+00  0.000e+00  0.000e+00  0.000e+00  2.991e+02  1.919e+00
14.2500  1.78253e+01  1.786e+01 -3.418e-02 -3.418e-02  0.000e+00  0.000e+00 -3.418e-02  0.000e+00  0.000e+00  0.000e+00  0.000e+00  0.000e+00  2.996e+02  1.929e+00
14.3000  1.78185e+01  1.720e+01  6.151e-01  6.151e-01  0.000e+00  0.000e+00  6.151e-01  0.000e+00  0.000e+00  0.000e+00  0.000e+00  0.000e+00  2.886e+02  1.213e+00
14.3500  1.78197e+01  1.789e+01 -7.457e-02 -7.457e-02  0.000e+00  0.000e+00 -7.457e-02  0.000e+00  0.000e+00  0.000e+00  0.000e+00  0.000e+00  3.002e+02  1.941e+00
14.4000  1.78197e+01  1.784e+01 -1.758e-02 -1.758e-02  0.000e+00  0.000e+00 -1.758e-02  0.000e+00  0.000e+00  0.000e+00  0.000e+00  0.000e+00  2.992e+02  1.922e+00
14.4500  1.78197e+01  1.783e+01 -1.134e-02 -1.134e-02  0.000e+00  0.000e+00 -1.134e-02  0.000e+00  0.000e+00  0.000e+00  0.000e+00  0.000e+00  2.991e+02  1.920e+00
14.5000  1.78197e+01  1.783e+01 -8.166e-03 -8.166e-03  0.000e+00  0.000e+00 -8.166e-03  0.000e+00  0.000e+00  0.000e+00  0.000e+00  0.000e+00  2.990e+02  1.918e+00
14.5500  1.78197e+01  1.782e+01 -5.016e-03 -5.016e-03  0.000e+00  0.000e+00 -5.016e-03  0.000e+00  0.000e+00  0.000e+00  0.000e+00  0.000e+00  2.990e+02  1.917e+00
14.6000  1.78197e+01  1.782e+01 -2.731e-03 -2.731e-03  0.000e+00  0.000e+00 -2.731e-03  0.000e+00  0.000e+00  0.000e+00  0.000e+00  0.000e+00  2.990e+02  1.916e+00
14.6500  1.78197e+01  1.782e+01 -1.422e-03 -1.422e-03  0.000e+00  0.000e+00 -1.422e-03  0.000e+00  0.000e+00  0.000e+00  0.000e+00  0.000e+00  2.989e+02  1.916e+00
14.7000  1.78197e+01  1.782e+01 -7.507e-04 -7.507e-04  0.000e+00  0.000e+00 -7.507e-04  0.000e+00  0.000e+00  0.000e+00  0.000e+00  0.000e+00  2.989e+02  1.915e+00
14.7500  1.78197e+01  1.782e+01 -4.165e-04 -4.165e-04  0.000e+00  0.000e+00 -4.165e-04  0.000e+00  0.000e+00  0.000e+00  0.000e+00  0.000e+00  2.989e+02  1.915e+00
14.8000  1.78192e+01  1.618e+01  1.637e+00 -2.483e-04  0.000e+00  1.637e+00 -2.483e-04  0.000e+00  0.000e+00  0.000e+00  0.000e+00  0.000e+00  2.714e+02  1.038e+02
14.8500  1.78270e+01  1.783e+01 -1.613e-04 -1.613e-04  0.000e+00  0.000e+00 -1.613e-04  0.000e+00  0.000e+00  0.000e+00  0.000e+00  0.000e+00  2.990e+02  1.916e+00
14.9000  1.78270e+01  1.783e+01 -1.145e-04 -1.145e-04  0.000e+00  0.000e+00 -1.145e-04  0.000e+00  0.000e+00  0.000e+00  0.000e+00  0.000e+00  2.990e+02  1.916e+00
14.9500  1.78242e+01  1.782e+01 -8.876e-05 -8.876e-05  0.000e+00  0.000e+00 -8.876e-05  0.000e+00  0.000e+00  0.000e+00  0.000e+00  0.000e+00  2.990e+02  1.915e+00
15.0000  1.78158e+01  1.782e+01 -7.439e-05 -7.439e-05  0.000e+00  0.000e+00 -7.439e-05  0.000e+00  0.000e+00  0.000e+00  0.000e+00  0.000e+00  2.988e+02  1.915e+00
15.0500  1.78158e+01  1.782e+01 -6.651e-05 -6.651e-05  0.000e+00  0.000e+00 -6.651e-05  0.000e+00  0.000e+00  0.000e+00  0.000e+00  0.000e+00  2.988e+02  1.915e+00
15.1000  1.78158e+01  1.782e+01 -6.242e-05 -6.242e-05  0.000e+00  0.000e+00 -6.242e-05  0.000e+00  0.000e+00  0.000e+00  0.000e+00  0.000e+00  2.988e+02  1.915e+00
15.1500  1.78158e+01  1.782e+01 -6.060e-05 -6.060e-05  0.000e+00  0.000e+00 -6.060e-05  0.000e+00  0.000e+00  0.000e+00  0.000e+00  0.000e+00  2.988e+02  1.915e+00
15.2000  1.78158e+01  1.782e+01 -6.034e-05 -6.034e-05  0.000e+00  0.000e+00 -6.034e-05  0.000e+00  0.000e+00  0.000e+00  0.000e+00  0.000e+00  2.988e+02  1.915e+00
15.2500  1.78158e+01  1.782e+01 -6.174e-05 -6.174e-05  0.000e+00  0.000e+00 -6.174e-05  0.000e+00  0.000e+00  0.000e+00  0.000e+00  0.000e+00  2.988e+02  1.915e+00
15.3000  1.78158e+01  1.782e+01 -6.590e-05 -6.590e-05  0.000e+00  0.000e+00 -6.590e-05  0.000e+00  0.000e+00  0.000e+00  0.000e+00  0.000e+00  2.988e+02  1.915e+00
15.3500  1.78259e+01  1.665e+01  1.176e+00 -7.533e-05  0.000e+00  1.176e+00 -7.533e-05  0.000e+00  0.000e+00  0.000e+00  0.000e+00  0.000e+00  2.793e+02  8.827e+01
15.4000  1.78208e+01  1.782e+01 -9.511e-05 -9.511e-05  0.000e+00  0.000e+00 -9.511e-05  0.000e+00  0.000e+00  0.000e+00  0.000e+00  0.000e+00  2.989e+02  1.915e+00
15.4500  1.78208e+01  1.782e+01 -1.355e-04 -1.355e-04  0.000e+00  0.000e+00 -1.355e-04  0.000e+00  0.000e+00  0.000e+00  0.000e+00  0.000e+00  2.989e+02  1.915e+00
15.5000  1.78201e+01  1.723e+01  5.856e-01 -2.210e-04  0.000e+00  5.858e-01 -2.210e-04  0.000e+00  0.000e+00  0.000e+00  0.000e+00  0.000e+00  2.891e+02  6.286e+01
15.5500  1.78236e+01  1.782e+01 -4.156e-04 -4.156e-04  0.000e+00  0.000e+00 -4.156e-04  0.000e+00  0.000e+00  0.000e+00  0.000e+00  0.000e+00  2.990e+02  1.916e+00
15.6000  1.78236e+01  1.782e+01 -8.954e-04 -8.954e-04  0.000e+00  0.000e+00 -8.954e-04  0.000e+00  0.000e+00  0.000e+00  0.000e+00  0.000e+00  2.990e+02  1.916e+00
15.6500  1.78236e+01  1.783e+01 -2.141e-03 -2.141e-03  0.000e+00  0.000e+00 -2.141e-03  0.000e+00  0.000e+00  0.000e+00  0.000e+00  0.000e+00  2.990e+02  1.916e+00
15.7000  1.78236e+01  1.783e+01 -5.199e-03 -5.199e-03  0.000e+00  0.000e+00 -5.199e-03  0.000e+00  0.000e+00  0.000e+00  0.000e+00  0.000e+00  2.991e+02  1.918e+00
15.7500  1.78236e+01  1.783e+01 -1.067e-02 -1.067e-02  0.000e+00  0.000e+00 -1.067e-02  0.000e+00  0.000e+00  0.000e+00  0.000e+00  0.000e+00  2.992e+02  1.920e+00
15.8000  1.78236e+01  1.784e+01 -1.440e-02 -1.440e-02  0.000e+00  0.000e+00 -1.440e-02  0.000e+00  0.000e+00  0.000e+00  0.000e+00  0.000e+00  2.992e+02  1.921e+00
15.8500  1.78236e+01  1.783e+01 -1.122e-02 -1.122e-02  0.000e+00  0.000e+00 -1.122e-02  0.000e+00  0.000e+00  0.000e+00  0.000e+00  0.000e+00  2.992e+02  1.920e+00
15.9000  1.78013e+01  1.781e+01 -5.784e-03 -5.784e-03  0.000e+00  0.000e+00 -5.784e-03  0.000e+00  0.000e+00  0.000e+00  0.000e+00  0.000e+00  2.987e+02  1.915e+00
15.9500  1.78013e+01  1.780e+01 -2.633e-03 -2.633e-03  0.000e+00  0.000e+00 -2.633e-03  0.000e+00  0.000e+00  0.000e+00  0.000e+00  0.000e+00  2.986e+02  1.914e+00
16.0000  1.78013e+01  1.780e+01 -1.333e-03 -1.333e-03  0.000e+00  0.000e+00 -1.333e-03  0.000e+00  0.000e+00  0.000e+00  0.000e+00  0.000e+00  2.986e+02  1.914e+00
16.0500  1.78011e+01  1.780e+01 -8.266e-04 -8.266e-04  0.000e+00  0.000e+00 -8.266e-04  0.000e+00  0.000e+00  0.000e+00  0.000e+00  0.000e+00  2.986e+02  1.913e+00
16.1000  1.78011e+01  1.780e+01 -6.264e-04 -6.264e-04  0.000e+00  0.000e+00 -6.264e-04  0.000e+00  0.000e+00  0.000e+00  0.000e+00  0.000e+00  2.986e+02  1.913e+00
16.1500  1.78011e+01  1.780e+01 -5.652e-04 -5.652e-04  0.000e+00  0.000e+00 -5.652e-04  0.000e+00  0.000e+00  0.000e+00  0.000e+00  0.000e+00  2.986e+02  1.913e+00
16.2000  1.78011e+01  1.780e+01 -5.853e-04 -5.853e-04  0.000e+00  0.000e+00 -5.853e-04  0.000e+00  0.000e+00  0.000e+00  0.000e+00  0.000e+00  2.986e+02  1.913e+00
16.2500  1.78011e+01  1.780e+01 -6.588e-04 -6.588e-04  0.000e+00  0.000e+00 -6.588e-04  0.000e+00  0.000e+00  0.000e+00  0.000e+00  0.000e+00  2.986e+02  1.913e+00
16.3000  1.78011e+01  1.780e+01 -7.584e-04 -7.584e-04  0.000e+00  0.000e+00 -7.584e-04  0.000e+00  0.000e+00  0.000e+00  0.000e+00  0.000e+00  2.986e+02  1.913e+00
16.3500  1.78011e+01  1.780e+01 -8.486e-04 -8.486e-04  0.000e+00  0.000e+00 -8.486e-04  0.000e+00  0.000e+00  0.000e+00  0.000e+00  0.000e+00  2.986e+02  1.913e+00
16.4000  1.78011e+01  1.780e+01 -8.926e-04 -8.926e-04  0.000e+00  0.000e+00 -8.926e-04  0.000e+00  0.000e+00  0.000e+00  0.000e+00  0.000e+00  2.986e+02  1.913e+00
16.4500  1.78011e+01  1.780e+01 -8.693e-04 -8.693e-04  0.000e+00  0.000e+00 -8.693e-04  0.000e+00  0.000e+00  0.000e+00  0.000e+00  0.000e+00  2.986e+02  1.913e+00
16.5000  1.78011e+01  1.780e+01 -7.853e-04 -7.853e-04  0.000e+00  0.000e+00 -7.853e-04  0.000e+00  0.000e+00  0.000e+00  0.000e+00  0.000e+00  2.986e+02  1.913e+00
16.5500  1.78011e+01  1.780e+01 -6.713e-04 -6.713e-04  0.000e+00  0.000e+00 -6.713e-04  0.000e+00  0.000e+00  0.000e+00  0.000e+00  0.000e+00  2.986e+02  1.913e+00
16.6000  1.78011e+01  1.780e+01 -5.664e-04 -5.664e-04  0.000e+00  0.000e+00 -5.664e-04  0.000e+00  0.000e+00  0.000e+00  0.000e+00  0.000e+00  2.986e+02  1.913e+00
16.6500  1.78011e+01  1.780e+01 -5.054e-04 -5.054e-04  0.000e+00  0.000e+00 -5.054e-04  0.000e+00  0.000e+00  0.000e+00  0.000e+00  0.000e+00  2.986e+02  1.913e+00
16.7000  1.78011e+01  1.780e+01 -5.076e-04 -5.076e-04  0.000e+00  0.000e+00 -5.076e-04  0.000e+00  0.000e+00  0.000e+00  0.000e+00  0.000e+00  2.986e+02  1.913e+00
16.7500  1.78016e+01  1.780e+01 -5.401e-04 -5.401e-04  0.000e+00  0.000e+00 -5.401e-04  0.000e+00  0.000e+00  0.000e+00  0.000e+00  0.000e+00  2.986e+02  1.913e+00
16.8000  1.78016e+01  1.780e+01 -5.192e-04 -5.192e-04  0.000e+00  0.000e+00 -5.192e-04  0.000e+00  0.000e+00  0.000e+00  0.000e+00  0.000e+00  2.986e+02  1.913e+00
16.8500  1.78044e+01  1.780e+01 -4.473e-04 -4.473e-04  0.000e+00  0.000e+00 -4.473e-04  0.000e+00  0.000e+00  0.000e+00  0.000e+00  0.000e+00  2.987e+02  1.913e+00
16.9000  1.77987e+01  1.774e+01  5.525e-02 -4.047e-04  0.000e+00  5.566e-02 -4.047e-04  0.000e+00  0.000e+00  0.000e+00  0.000e+00  0.000e+00  2.976e+02  2.070e+01
16.9500  1.78050e+01  1.781e+01 -4.160e-04 -4.160e-04  0.000e+00  0.000e+00 -4.160e-04  0.000e+00  0.000e+00  0.000e+00  0.000e+00  0.000e+00  2.987e+02  1.914e+00
17.0000  1.78050e+01  1.781e+01 -4.661e-04 -4.661e-04  0.000e+00  0.000e+00 -4.661e-04  0.000e+00  0.000e+00  0.000e+00  0.000e+00  0.000e+00  2.987e+02  1.914e+00
17.0500  1.78050e+01  1.781e+01 -5.449e-04 -5.449e-04  0.000e+00  0.000e+00 -5.449e-04  0.000e+00  0.000e+00  0.000e+00  0.000e+00  0.000e+00  2.987e+02  1.914e+00
17.1000  1.78050e+01  1.781e+01 -6.399e-04 -6.399e-04  0.000e+00  0.000e+00 -6.399e-04  0.000e+00  0.000e+00  0.000e+00  0.000e+00  0.000e+00  2.987e+02  1.914e+00
17.1500  1.78050e+01  1.781e+01 -7.192e-04 -7.192e-04  0.000e+00  0.000e+00 -7.192e-04  0.000e+00  0.000e+00  0.000e+00  0.000e+00  0.000e+00  2.987e+02  1.914e+00
17.2000  1.78050e+01  1.781e+01 -7.587e-04 -7.587e-04  0.000e+00  0.000e+00 -7.587e-04  0.000e+00  0.000e+00  0.000e+00  0.000e+00  0.000e+00  2.987e+02  1.914e+00
17.2500  1.78050e+01  1.781e+01 -7.672e-04 -7.672e-04  0.000e+00  0.000e+00 -7.672e-04  0.000e+00  0.000e+00  0.000e+00  0.000e+00  0.000e+00  2.987e+02  1.914e+00
17.3000  1.78050e+01  1.781e+01 -7.621e-04 -7.621e-04  0.000e+00  0.000e+00 -7.621e-04  0.000e+00  0.000e+00  0.000e+00  0.000e+00  0.000e+00  2.987e+02  1.914e+00
17.3500  1.78050e+01  1.781e+01 -7.511e-04 -7.511e-04  0.000e+00  0.000e+00 -7.511e-04  0.000e+00  0.000e+00  0.000e+00  0.000e+00  0.000e+00  2.987e+02  1.914e+00
17.4000  1.78050e+01  1.781e+01 -7.397e-04 -7.397e-04  0.000e+00  0.000e+00 -7.397e-04  0.000e+00  0.000e+00  0.000e+00  0.000e+00  0.000e+00  2.987e+02  1.914e+00
17.4500  1.78050e+01  1.781e+01 -7.371e-04 -7.371e-04  0.000e+00  0.000e+00 -7.371e-04  0.000e+00  0.000e+00  0.000e+00  0.000e+00  0.000e+00  2.987e+02  1.914e+00
17.5000  1.78050e+01  1.781e+01 -7.547e-04 -7.547e-04  0.000e+00  0.000e+00 -7.547e-04  0.000e+00  0.000e+00  0.000e+00  0.000e+00  0.000e+00  2.987e+02  1.914e+00
17.5500  1.78050e+01  1.781e+01 -8.047e-04 -8.047e-04  0.000e+00  0.000e+00 -8.047e-04  0.000e+00  0.000e+00  0.000e+00  0.000e+00  0.000e+00  2.987e+02  1.914e+00
17.6000  1.78050e+01  1.781e+01 -8.944e-04 -8.944e-04  0.000e+00  0.000e+00 -8.944e-04  0.000e+00  0.000e+00  0.000e+00  0.000e+00  0.000e+00  2.987e+02  1.914e+00
17.6500  1.78051e+01  1.781e+01 -1.017e-03 -1.017e-03  0.000e+00  0.000e+00 -1.017e-03  0.000e+00  0.000e+00  0.000e+00  0.000e+00  0.000e+00  2.987e+02  1.914e+00
17.7000  1.78051e+01  1.781e+01 -1.150e-03 -1.150e-03  0.000e+00  0.000e+00 -1.150e-03  0.000e+00  0.000e+00  0.000e+00  0.000e+00  0.000e+00  2.987e+02  1.914e+00
17.7500  1.78051e+01  1.781e+01 -1.286e-03 -1.286e-03  0.000e+00  0.000e+00 -1.286e-03  0.000e+00  0.000e+00  0.000e+00  0.000e+00  0.000e+00  2.987e+02  1.914e+00
17.8000  1.78051e+01  1.781e+01 -1.572e-03 -1.572e-03  0.000e+00  0.000e+00 -1.572e-03  0.000e+00  0.000e+00  0.000e+00  0.000e+00  0.000e+00  2.987e+02  1.914e+00
17.8500  1.78051e+01  1.781e+01 -2.898e-03 -2.898e-03  0.000e+00  0.000e+00 -2.898e-03  0.000e+00  0.000e+00  0.000e+00  0.000e+00  0.000e+00  2.987e+02  1.915e+00
17.9000  1.78035e+01  1.781e+01 -1.053e-02 -1.053e-02  0.000e+00  0.000e+00 -1.053e-02  0.000e+00  0.000e+00  0.000e+00  0.000e+00  0.000e+00  2.988e+02  1.918e+00
17.9500  1.78035e+01  1.784e+01 -3.376e-02 -3.376e-02  0.000e+00  0.000e+00 -3.376e-02  0.000e+00  0.000e+00  0.000e+00  0.000e+00  0.000e+00  2.992e+02  1.927e+00
18.0000  1.78035e+01  1.783e+01 -2.566e-02 -2.566e-02  0.000e+00  0.000e+00 -2.566e-02  0.000e+00  0.000e+00  0.000e+00  0.000e+00  0.000e+00  2.991e+02  1.924e+00
18.0500  1.78035e+01  1.781e+01 -6.234e-03 -6.234e-03  0.000e+00  0.000e+00 -6.234e-03  0.000e+00  0.000e+00  0.000e+00  0.000e+00  0.000e+00  2.987e+02  1.916e+00
18.1000  1.78035e+01  1.781e+01 -1.789e-03 -1.789e-03  0.000e+00  0.000e+00 -1.789e-03  0.000e+00  0.000e+00  0.000e+00  0.000e+00  0.000e+00  2.987e+02  1.914e+00
18.1500  1.78035e+01  1.780e+01 -9.617e-04 -9.617e-04  0.000e+00  0.000e+00 -9.617e-04  0.000e+00  0.000e+00  0.000e+00  0.000e+00  0.000e+00  2.987e+02  1.914e+00
18.2000  1.78191e+01  1.782e+01 -7.372e-04 -7.372e-04  0.000e+00  0.000e+00 -7.372e-04  0.000e+00  0.000e+00  0.000e+00  0.000e+00  0.000e+00  2.989e+02  1.915e+00
18.2500  1.78191e+01  1.782e+01 -7.255e-04 -7.255e-04  0.000e+00  0.000e+00 -7.255e-04  0.000e+00  0.000e+00  0.000e+00  0.000e+00  0.000e+00  2.989e+02  1.915e+00
18.3000  1.78191e+01  1.782e+01 -1.034e-03 -1.034e-03  0.000e+00  0.000e+00 -1.034e-03  0.000e+00  0.000e+00  0.000e+00  0.000e+00  0.000e+00  2.989e+02  1.915e+00
18.3500  1.78191e+01  1.782e+01 -2.172e-03 -2.172e-03  0.000e+00  0.000e+00 -2.172e-03  0.000e+00  0.000e+00  0.000e+00  0.000e+00  0.000e+00  2.989e+02  1.916e+00
18.4000  1.78191e+01  1.783e+01 -6.467e-03 -6.467e-03  0.000e+00  0.000e+00 -6.467e-03  0.000e+00  0.000e+00  0.000e+00  0.000e+00  0.000e+00  2.990e+02  1.918e+00
18.4500  1.78191e+01  1.784e+01 -2.344e-02 -2.344e-02  0.000e+00  0.000e+00 -2.344e-02  0.000e+00  0.000e+00  0.000e+00  0.000e+00  0.000e+00  2.993e+02  1.925e+00
18.5000  1.78191e+01  1.787e+01 -5.490e-02 -5.490e-02  0.000e+00  0.000e+00 -5.490e-02  0.000e+00  0.000e+00  0.000e+00  0.000e+00  0.000e+00  2.998e+02  1.936e+00
18.5500  1.78191e+01  1.787e+01 -4.605e-02 -4.605e-02  0.000e+00  0.000e+00 -4.605e-02  0.000e+00  0.000e+00  0.000e+00  0.000e+00  0.000e+00  2.997e+02  1.933e+00
18.6000  1.78191e+01  1.784e+01 -2.511e-02 -2.511e-02  0.000e+00  0.000e+00 -2.511e-02  0.000e+00  0.000e+00  0.000e+00  0.000e+00  0.000e+00  2.993e+02  1.925e+00
18.6500  1.78191e+01  1.785e+01 -3.010e-02 -3.010e-02  0.000e+00  0.000e+00 -3.010e-02  0.000e+00  0.000e+00  0.000e+00  0.000e+00  0.000e+00  2.994e+02  1.927e+00
18.7000  1.78191e+01  1.787e+01 -4.848e-02 -4.848e-02  0.000e+00  0.000e+00 -4.848e-02  0.000e+00  0.000e+00  0.000e+00  0.000e+00  0.000e+00  2.997e+02  1.933e+00
18.7500  1.78191e+01  1.788e+01 -6.451e-02 -6.451e-02  0.000e+00  0.000e+00 -6.451e-02  0.000e+00  0.000e+00  0.000e+00  0.000e+00  0.000e+00  3.000e+02  1.937e+00
18.8000  1.78191e+01  1.788e+01 -6.476e-02 -6.476e-02  0.000e+00  0.000e+00 -6.476e-02  0.000e+00  0.000e+00  0.000e+00  0.000e+00  0.000e+00  3.000e+02  1.937e+00
18.8500  1.78191e+01  1.787e+01 -4.868e-02 -4.868e-02  0.000e+00  0.000e+00 -4.868e-02  0.000e+00  0.000e+00  0.000e+00  0.000e+00  0.000e+00  2.997e+02  1.933e+00
18.9000  1.78191e+01  1.785e+01 -2.820e-02 -2.820e-02  0.000e+00  0.000e+00 -2.820e-02  0.000e+00  0.000e+00  0.000e+00  0.000e+00  0.000e+00  2.994e+02  1.926e+00
18.9500  1.77957e+01  1.777e+01  2.260e-02 -1.391e-02  0.000e+00  3.651e-02 -1.391e-02  0.000e+00  0.000e+00  0.000e+00  0.000e+00  0.000e+00  2.981e+02  1.713e+01
19.0000  1.78047e+01  1.781e+01 -6.567e-03 -6.567e-03  0.000e+00  0.000e+00 -6.567e-03  0.000e+00  0.000e+00  0.000e+00  0.000e+00  0.000e+00  2.988e+02  1.916e+00
19.0500  1.77871e+01  1.779e+01 -3.361e-03 -3.361e-03  0.000e+00  0.000e+00 -3.361e-03  0.000e+00  0.000e+00  0.000e+00  0.000e+00  0.000e+00  2.984e+02  1.913e+00
19.1000  1.77871e+01  1.779e+01 -2.338e-03 -2.338e-03  0.000e+00  0.000e+00 -2.338e-03  0.000e+00  0.000e+00  0.000e+00  0.000e+00  0.000e+00  2.984e+02  1.912e+00
19.1500  1.77871e+01  1.779e+01 -3.094e-03 -3.094e-03  0.000e+00  0.000e+00 -3.094e-03  0.000e+00  0.000e+00  0.000e+00  0.000e+00  0.000e+00  2.984e+02  1.913e+00
19.2000  1.77871e+01  1.779e+01 -7.738e-03 -7.738e-03  0.000e+00  0.000e+00 -7.738e-03  0.000e+00  0.000e+00  0.000e+00  0.000e+00  0.000e+00  2.985e+02  1.915e+00
19.2500  1.77871e+01  1.781e+01 -2.763e-02 -2.763e-02  0.000e+00  0.000e+00 -2.763e-02  0.000e+00  0.000e+00  0.000e+00  0.000e+00  0.000e+00  2.988e+02  1.923e+00
19.3000  1.77871e+01  1.788e+01 -9.474e-02 -9.474e-02  0.000e+00  0.000e+00 -9.474e-02  0.000e+00  0.000e+00  0.000e+00  0.000e+00  0.000e+00  2.999e+02  1.934e+00
19.3500  1.77872e+01  1.765e+01  1.412e-01  1.412e-01  0.000e+00  0.000e+00  1.412e-01  0.000e+00  0.000e+00  0.000e+00  0.000e+00  0.000e+00  2.960e+02  1.640e+00
19.4000  1.77871e+01  1.788e+01 -8.825e-02 -8.825e-02  0.000e+00  0.000e+00 -8.825e-02  0.000e+00  0.000e+00  0.000e+00  0.000e+00  0.000e+00  2.998e+02  1.938e+00
19.4500  1.77871e+01  1.783e+01 -4.377e-02 -4.377e-02  0.000e+00  0.000e+00 -4.377e-02  0.000e+00  0.000e+00  0.000e+00  0.000e+00  0.000e+00  2.991e+02  1.929e+00
19.5000  1.77871e+01  1.787e+01 -8.573e-02 -8.573e-02  0.000e+00  0.000e+00 -8.573e-02  0.000e+00  0.000e+00  0.000e+00  0.000e+00  0.000e+00  2.998e+02  1.939e+00
19.5500  1.77871e+01  1.786e+01 -6.866e-02 -6.866e-02  0.000e+00  0.000e+00 -6.866e-02  0.000e+00  0.000e+00  0.000e+00  0.000e+00  0.000e+00  2.995e+02  1.860e+00
19.6000  1.77871e+01  1.788e+01 -9.454e-02 -9.454e-02  0.000e+00  0.000e+00 -9.454e-02  0.000e+00  0.000e+00  0.000e+00  0.000e+00  0.000e+00  2.999e+02  1.935e+00
19.6500  1.77871e+01  1.782e+01 -2.965e-02 -2.965e-02  0.000e+00  0.000e+00 -2.965e-02  0.000e+00  0.000e+00  0.000e+00  0.000e+00  0.000e+00  2.989e+02  1.923e+00
19.7000  1.77871e+01  1.779e+01 -7.836e-03 -7.836e-03  0.000e+00  0.000e+00 -7.836e-03  0.000e+00  0.000e+00  0.000e+00  0.000e+00  0.000e+00  2.985e+02  1.915e+00
19.7500  1.77871e+01  1.779e+01 -3.026e-03 -3.026e-03  0.000e+00  0.000e+00 -3.026e-03  0.000e+00  0.000e+00  0.000e+00  0.000e+00  0.000e+00  2.984e+02  1.913e+00
19.8000  1.77871e+01  1.779e+01 -2.400e-03 -2.400e-03  0.000e+00  0.000e+00 -2.400e-03  0.000e+00  0.000e+00  0.000e+00  0.000e+00  0.000e+00  2.984e+02  1.912e+00
19.8500  1.77871e+01  1.779e+01 -3.815e-03 -3.815e-03  0.000e+00  0.000e+00 -3.815e-03  0.000e+00  0.000e+00  0.000e+00  0.000e+00  0.000e+00  2.984e+02  1.913e+00
19.9000  1.77871e+01  1.780e+01 -8.828e-03 -8.828e-03  0.000e+00  0.000e+00 -8.828e-03  0.000e+00  0.000e+00  0.000e+00  0.000e+00  0.000e+00  2.985e+02  1.915e+00
19.9500  1.77871e+01  1.781e+01 -2.504e-02 -2.504e-02  0.000e+00  0.000e+00 -2.504e-02  0.000e+00  0.000e+00  0.000e+00  0.000e+00  0.000e+00  2.988e+02  1.922e+00
20.0000  1.77883e+01  1.786e+01 -7.463e-02 -7.463e-02  0.000e+00  0.000e+00 -7.463e-02  0.000e+00  0.000e+00  0.000e+00  0.000e+00  0.000e+00  2.996e+02  1.936e+00
