#
# INPUTFILE C:\Users\mario\Documents\Code\Python\main_env\Dalton\input\md\hf.md
#
# -- INPUT DATA --
#
# MOLFILE C:\Users\mario\Documents\Code\Python\main_env\Dalton\geom\prm\hf.prm
# ENERGYOUT C:\Users\mario\Documents\Code\Python\main_env\Dalton\output\md\hf.dat
# GEOMOUT C:\Users\mario\Documents\Code\Python\main_env\Dalton\output\md\hf.xyz
# RANDOMSEED 2982500747
# TEMPERATURE 0.000000 K
# BOUNDARY 10.000000 A
# BOUNDARYSPRING 250.000000 kcal/(mol*A^2)
# BOUNDARYTYPE sphere
# STATUSTIME 1.000000 s
# ENERGYTIME 0.000100 ps
# GEOMTIME 0.000100 ps
# TOTALTIME 0.020000 ps
# TIMESTEP 0.000100 ps
# EQTIME 0.000000 ps
# EQRATE 0.500000 ps
# VANDERWAALSCUTOFF 2.500000
# ELECTROSTATICCUTOFF 10.000000 A
# KINETIC_CALC_METHOD leapfrog
# GRADIENT_CALC_METHOD analytic
#
# -- ENERGY DATA --
#
# energy terms [kcal/mol]
#  time      e_total      e_kin      e_pot  e_nonbond   e_bonded e_boundary      e_vdw     e_elst     e_bond    e_angle     e_tors      e_oop       temp      press
 0.0000  4.64250e+00  5.962e-23  4.642e+00  0.000e+00  4.642e+00  0.000e+00  0.000e+00  0.000e+00  4.642e+00  0.000e+00  0.000e+00  0.000e+00  1.852e-21  0.000e+00
 0.0001  4.64234e+00  1.084e-01  4.534e+00  0.000e+00  4.534e+00  0.000e+00  0.000e+00  0.000e+00  4.534e+00  0.000e+00  0.000e+00  0.000e+00  1.819e+01  6.118e+02
 0.0002  4.64214e+00  2.416e-01  4.401e+00  0.000e+00  4.401e+00  0.000e+00  0.000e+00  0.000e+00  4.401e+00  0.000e+00  0.000e+00  0.000e+00  4.053e+01  6.035e+02
 0.0003  4.64187e+00  4.236e-01  4.218e+00  0.000e+00  4.218e+00  0.000e+00  0.000e+00  0.000e+00  4.218e+00  0.000e+00  0.000e+00  0.000e+00  7.106e+01  5.920e+02
 0.0004  4.64154e+00  6.502e-01  3.991e+00  0.000e+00  3.991e+00  0.000e+00  0.000e+00  0.000e+00  3.991e+00  0.000e+00  0.000e+00  0.000e+00  1.091e+02  5.772e+02
 0.0005  4.64115e+00  9.161e-01  3.725e+00  0.000e+00  3.725e+00  0.000e+00  0.000e+00  0.000e+00  3.725e+00  0.000e+00  0.000e+00  0.000e+00  1.537e+02  5.594e+02
 0.0006  4.64071e+00  1.215e+00  3.426e+00  0.000e+00  3.426e+00  0.000e+00  0.000e+00  0.000e+00  3.426e+00  0.000e+00  0.000e+00  0.000e+00  2.038e+02  5.385e+02
 0.0007  4.64023e+00  1.540e+00  3.101e+00  0.000e+00  3.101e+00  0.000e+00  0.000e+00  0.000e+00  3.101e+00  0.000e+00  0.000e+00  0.000e+00  2.583e+02  5.148e+02
 0.0008  4.63972e+00  1.883e+00  2.757e+00  0.000e+00  2.757e+00  0.000e+00  0.000e+00  0.000e+00  2.757e+00  0.000e+00  0.000e+00  0.000e+00  3.158e+02  4.884e+02
 0.0009  4.63920e+00  2.236e+00  2.403e+00  0.000e+00  2.403e+00  0.000e+00  0.000e+00  0.000e+00  2.403e+00  0.000e+00  0.000e+00  0.000e+00  3.751e+02  4.594e+02
 0.0010  4.63867e+00  2.591e+00  2.047e+00  0.000e+00  2.047e+00  0.000e+00  0.000e+00  0.000e+00  2.047e+00  0.000e+00  0.000e+00  0.000e+00  4.347e+02  4.279e+02
 0.0011  4.63816e+00  2.940e+00  1.698e+00  0.000e+00  1.698e+00  0.000e+00  0.000e+00  0.000e+00  1.698e+00  0.000e+00  0.000e+00  0.000e+00  4.932e+02  3.943e+02
 0.0012  4.63767e+00  3.274e+00  1.363e+00  0.000e+00  1.363e+00  0.000e+00  0.000e+00  0.000e+00  1.363e+00  0.000e+00  0.000e+00  0.000e+00  5.492e+02  3.586e+02
 0.0013  4.63721e+00  3.586e+00  1.051e+00  0.000e+00  1.051e+00  0.000e+00  0.000e+00  0.000e+00  1.051e+00  0.000e+00  0.000e+00  0.000e+00  6.015e+02  3.212e+02
 0.0014  4.63679e+00  3.868e+00  7.690e-01  0.000e+00  7.690e-01  0.000e+00  0.000e+00  0.000e+00  7.690e-01  0.000e+00  0.000e+00  0.000e+00  6.488e+02  2.821e+02
 0.0015  4.63643e+00  4.113e+00  5.233e-01  0.000e+00  5.233e-01  0.000e+00  0.000e+00  0.000e+00  5.233e-01  0.000e+00  0.000e+00  0.000e+00  6.899e+02  2.417e+02
 0.0016  4.63613e+00  4.316e+00  3.199e-01  0.000e+00  3.199e-01  0.000e+00  0.000e+00  0.000e+00  3.199e-01  0.000e+00  0.000e+00  0.000e+00  7.240e+02  2.001e+02
 0.0017  4.63590e+00  4.472e+00  1.636e-01  0.000e+00  1.636e-01  0.000e+00  0.000e+00  0.000e+00  1.636e-01  0.000e+00  0.000e+00  0.000e+00  7.502e+02  1.577e+02
 0.0018  4.63574e+00  4.578e+00  5.805e-02  0.000e+00  5.805e-02  0.000e+00  0.000e+00  0.000e+00  5.805e-02  0.000e+00  0.000e+00  0.000e+00  7.679e+02  1.147e+02
 0.0019  4.63567e+00  4.630e+00  5.777e-03  0.000e+00  5.777e-03  0.000e+00  0.000e+00  0.000e+00  5.777e-03  0.000e+00  0.000e+00  0.000e+00  7.766e+02  7.127e+01
 0.0020  4.63567e+00  4.628e+00  7.988e-03  0.000e+00  7.988e-03  0.000e+00  0.000e+00  0.000e+00  7.988e-03  0.000e+00  0.000e+00  0.000e+00  7.762e+02  2.773e+01
 0.0021  4.63575e+00  4.571e+00  6.463e-02  0.000e+00  6.463e-02  0.000e+00  0.000e+00  0.000e+00  6.463e-02  0.000e+00  0.000e+00  0.000e+00  7.668e+02 -1.566e+01
 0.0022  4.63592e+00  4.462e+00  1.744e-01  0.000e+00  1.744e-01  0.000e+00  0.000e+00  0.000e+00  1.744e-01  0.000e+00  0.000e+00  0.000e+00  7.484e+02 -5.866e+01
 0.0023  4.63615e+00  4.302e+00  3.346e-01  0.000e+00  3.346e-01  0.000e+00  0.000e+00  0.000e+00  3.346e-01  0.000e+00  0.000e+00  0.000e+00  7.215e+02 -1.010e+02
 0.0024  4.63646e+00  4.095e+00  5.417e-01  0.000e+00  5.417e-01  0.000e+00  0.000e+00  0.000e+00  5.417e-01  0.000e+00  0.000e+00  0.000e+00  6.869e+02 -1.425e+02
 0.0025  4.63682e+00  3.846e+00  7.906e-01  0.000e+00  7.906e-01  0.000e+00  0.000e+00  0.000e+00  7.906e-01  0.000e+00  0.000e+00  0.000e+00  6.452e+02 -1.828e+02
 0.0026  4.63724e+00  3.562e+00  1.075e+00  0.000e+00  1.075e+00  0.000e+00  0.000e+00  0.000e+00  1.075e+00  0.000e+00  0.000e+00  0.000e+00  5.975e+02 -2.217e+02
 0.0027  4.63771e+00  3.248e+00  1.390e+00  0.000e+00  1.390e+00  0.000e+00  0.000e+00  0.000e+00  1.390e+00  0.000e+00  0.000e+00  0.000e+00  5.448e+02 -2.590e+02
 0.0028  4.63820e+00  2.912e+00  1.726e+00  0.000e+00  1.726e+00  0.000e+00  0.000e+00  0.000e+00  1.726e+00  0.000e+00  0.000e+00  0.000e+00  4.885e+02 -2.945e+02
 0.0029  4.63872e+00  2.563e+00  2.076e+00  0.000e+00  2.076e+00  0.000e+00  0.000e+00  0.000e+00  2.076e+00  0.000e+00  0.000e+00  0.000e+00  4.299e+02 -3.280e+02
 0.0030  4.63924e+00  2.207e+00  2.432e+00  0.000e+00  2.432e+00  0.000e+00  0.000e+00  0.000e+00  2.432e+00  0.000e+00  0.000e+00  0.000e+00  3.703e+02 -3.592e+02
 0.0031  4.63976e+00  1.855e+00  2.785e+00  0.000e+00  2.785e+00  0.000e+00  0.000e+00  0.000e+00  2.785e+00  0.000e+00  0.000e+00  0.000e+00  3.111e+02 -3.880e+02
 0.0032  4.64027e+00  1.513e+00  3.128e+00  0.000e+00  3.128e+00  0.000e+00  0.000e+00  0.000e+00  3.128e+00  0.000e+00  0.000e+00  0.000e+00  2.537e+02 -4.142e+02
 0.0033  4.64074e+00  1.190e+00  3.451e+00  0.000e+00  3.451e+00  0.000e+00  0.000e+00  0.000e+00  3.451e+00  0.000e+00  0.000e+00  0.000e+00  1.996e+02 -4.377e+02
 0.0034  4.64118e+00  8.932e-01  3.748e+00  0.000e+00  3.748e+00  0.000e+00  0.000e+00  0.000e+00  3.748e+00  0.000e+00  0.000e+00  0.000e+00  1.498e+02 -4.583e+02
 0.0035  4.64157e+00  6.304e-01  4.011e+00  0.000e+00  4.011e+00  0.000e+00  0.000e+00  0.000e+00  4.011e+00  0.000e+00  0.000e+00  0.000e+00  1.057e+02 -4.759e+02
 0.0036  4.64190e+00  4.072e-01  4.235e+00  0.000e+00  4.235e+00  0.000e+00  0.000e+00  0.000e+00  4.235e+00  0.000e+00  0.000e+00  0.000e+00  6.830e+01 -4.903e+02
 0.0037  4.64216e+00  2.290e-01  4.413e+00  0.000e+00  4.413e+00  0.000e+00  0.000e+00  0.000e+00  4.413e+00  0.000e+00  0.000e+00  0.000e+00  3.841e+01 -5.016e+02
 0.0038  4.64235e+00  9.992e-02  4.542e+00  0.000e+00  4.542e+00  0.000e+00  0.000e+00  0.000e+00  4.542e+00  0.000e+00  0.000e+00  0.000e+00  1.676e+01 -5.097e+02
 0.0039  4.64246e+00  2.305e-02  4.619e+00  0.000e+00  4.619e+00  0.000e+00  0.000e+00  0.000e+00  4.619e+00  0.000e+00  0.000e+00  0.000e+00  3.866e+00 -5.144e+02
 0.0040  4.64250e+00  1.786e-04  4.642e+00  0.000e+00  4.642e+00  0.000e+00  0.000e+00  0.000e+00  4.642e+00  0.000e+00  0.000e+00  0.000e+00  2.996e-02 -5.158e+02
 0.0041  4.64245e+00  3.185e-02  4.611e+00  0.000e+00  4.611e+00  0.000e+00  0.000e+00  0.000e+00  4.611e+00  0.000e+00  0.000e+00  0.000e+00  5.342e+00 -5.139e+02
 0.0042  4.64232e+00  1.173e-01  4.525e+00  0.000e+00  4.525e+00  0.000e+00  0.000e+00  0.000e+00  4.525e+00  0.000e+00  0.000e+00  0.000e+00  1.968e+01 -5.086e+02
 0.0043  4.64212e+00  2.546e-01  4.388e+00  0.000e+00  4.388e+00  0.000e+00  0.000e+00  0.000e+00  4.388e+00  0.000e+00  0.000e+00  0.000e+00  4.270e+01 -5.000e+02
 0.0044  4.64185e+00  4.404e-01  4.201e+00  0.000e+00  4.201e+00  0.000e+00  0.000e+00  0.000e+00  4.201e+00  0.000e+00  0.000e+00  0.000e+00  7.386e+01 -4.882e+02
 0.0045  4.64151e+00  6.703e-01  3.971e+00  0.000e+00  3.971e+00  0.000e+00  0.000e+00  0.000e+00  3.971e+00  0.000e+00  0.000e+00  0.000e+00  1.124e+02 -4.732e+02
 0.0046  4.64111e+00  9.391e-01  3.702e+00  0.000e+00  3.702e+00  0.000e+00  0.000e+00  0.000e+00  3.702e+00  0.000e+00  0.000e+00  0.000e+00  1.575e+02 -4.551e+02
 0.0047  4.64067e+00  1.240e+00  3.400e+00  0.000e+00  3.400e+00  0.000e+00  0.000e+00  0.000e+00  3.400e+00  0.000e+00  0.000e+00  0.000e+00  2.080e+02 -4.341e+02
 0.0048  4.64019e+00  1.567e+00  3.073e+00  0.000e+00  3.073e+00  0.000e+00  0.000e+00  0.000e+00  3.073e+00  0.000e+00  0.000e+00  0.000e+00  2.628e+02 -4.102e+02
 0.0049  4.63968e+00  1.911e+00  2.729e+00  0.000e+00  2.729e+00  0.000e+00  0.000e+00  0.000e+00  2.729e+00  0.000e+00  0.000e+00  0.000e+00  3.206e+02 -3.835e+02
 0.0050  4.63916e+00  2.265e+00  2.374e+00  0.000e+00  2.374e+00  0.000e+00  0.000e+00  0.000e+00  2.374e+00  0.000e+00  0.000e+00  0.000e+00  3.799e+02 -3.543e+02
 0.0051  4.63863e+00  2.620e+00  2.019e+00  0.000e+00  2.019e+00  0.000e+00  0.000e+00  0.000e+00  2.019e+00  0.000e+00  0.000e+00  0.000e+00  4.395e+02 -3.227e+02
 0.0052  4.63812e+00  2.968e+00  1.670e+00  0.000e+00  1.670e+00  0.000e+00  0.000e+00  0.000e+00  1.670e+00  0.000e+00  0.000e+00  0.000e+00  4.978e+02 -2.889e+02
 0.0053  4.63763e+00  3.300e+00  1.337e+00  0.000e+00  1.337e+00  0.000e+00  0.000e+00  0.000e+00  1.337e+00  0.000e+00  0.000e+00  0.000e+00  5.536e+02 -2.531e+02
 0.0054  4.63717e+00  3.610e+00  1.027e+00  0.000e+00  1.027e+00  0.000e+00  0.000e+00  0.000e+00  1.027e+00  0.000e+00  0.000e+00  0.000e+00  6.055e+02 -2.155e+02
 0.0055  4.63676e+00  3.889e+00  7.477e-01  0.000e+00  7.477e-01  0.000e+00  0.000e+00  0.000e+00  7.477e-01  0.000e+00  0.000e+00  0.000e+00  6.523e+02 -1.763e+02
 0.0056  4.63640e+00  4.131e+00  5.052e-01  0.000e+00  5.052e-01  0.000e+00  0.000e+00  0.000e+00  5.052e-01  0.000e+00  0.000e+00  0.000e+00  6.930e+02 -1.358e+02
 0.0057  4.63611e+00  4.331e+00  3.055e-01  0.000e+00  3.055e-01  0.000e+00  0.000e+00  0.000e+00  3.055e-01  0.000e+00  0.000e+00  0.000e+00  7.264e+02 -9.421e+01
 0.0058  4.63588e+00  4.483e+00  1.531e-01  0.000e+00  1.531e-01  0.000e+00  0.000e+00  0.000e+00  1.531e-01  0.000e+00  0.000e+00  0.000e+00  7.519e+02 -5.174e+01
 0.0059  4.63574e+00  4.584e+00  5.182e-02  0.000e+00  5.182e-02  0.000e+00  0.000e+00  0.000e+00  5.182e-02  0.000e+00  0.000e+00  0.000e+00  7.689e+02 -8.663e+00
 0.0060  4.63566e+00  4.632e+00  3.924e-03  0.000e+00  3.924e-03  0.000e+00  0.000e+00  0.000e+00  3.924e-03  0.000e+00  0.000e+00  0.000e+00  7.769e+02  3.477e+01
 0.0061  4.63567e+00  4.625e+00  1.055e-02  0.000e+00  1.055e-02  0.000e+00  0.000e+00  0.000e+00  1.055e-02  0.000e+00  0.000e+00  0.000e+00  7.758e+02  7.830e+01
 0.0062  4.63576e+00  4.564e+00  7.156e-02  0.000e+00  7.156e-02  0.000e+00  0.000e+00  0.000e+00  7.156e-02  0.000e+00  0.000e+00  0.000e+00  7.656e+02  1.217e+02
 0.0063  4.63593e+00  4.450e+00  1.855e-01  0.000e+00  1.855e-01  0.000e+00  0.000e+00  0.000e+00  1.855e-01  0.000e+00  0.000e+00  0.000e+00  7.465e+02  1.646e+02
 0.0064  4.63617e+00  4.286e+00  3.497e-01  0.000e+00  3.497e-01  0.000e+00  0.000e+00  0.000e+00  3.497e-01  0.000e+00  0.000e+00  0.000e+00  7.190e+02  2.069e+02
 0.0065  4.63648e+00  4.076e+00  5.603e-01  0.000e+00  5.603e-01  0.000e+00  0.000e+00  0.000e+00  5.603e-01  0.000e+00  0.000e+00  0.000e+00  6.837e+02  2.483e+02
 0.0066  4.63686e+00  3.825e+00  8.123e-01  0.000e+00  8.123e-01  0.000e+00  0.000e+00  0.000e+00  8.123e-01  0.000e+00  0.000e+00  0.000e+00  6.415e+02  2.885e+02
 0.0067  4.63728e+00  3.537e+00  1.100e+00  0.000e+00  1.100e+00  0.000e+00  0.000e+00  0.000e+00  1.100e+00  0.000e+00  0.000e+00  0.000e+00  5.934e+02  3.273e+02
 0.0068  4.63775e+00  3.222e+00  1.416e+00  0.000e+00  1.416e+00  0.000e+00  0.000e+00  0.000e+00  1.416e+00  0.000e+00  0.000e+00  0.000e+00  5.404e+02  3.645e+02
 0.0069  4.63824e+00  2.885e+00  1.754e+00  0.000e+00  1.754e+00  0.000e+00  0.000e+00  0.000e+00  1.754e+00  0.000e+00  0.000e+00  0.000e+00  4.838e+02  3.999e+02
 0.0070  4.63876e+00  2.534e+00  2.105e+00  0.000e+00  2.105e+00  0.000e+00  0.000e+00  0.000e+00  2.105e+00  0.000e+00  0.000e+00  0.000e+00  4.251e+02  4.332e+02
 0.0071  4.63928e+00  2.179e+00  2.461e+00  0.000e+00  2.461e+00  0.000e+00  0.000e+00  0.000e+00  2.461e+00  0.000e+00  0.000e+00  0.000e+00  3.654e+02  4.642e+02
 0.0072  4.63980e+00  1.826e+00  2.813e+00  0.000e+00  2.813e+00  0.000e+00  0.000e+00  0.000e+00  2.813e+00  0.000e+00  0.000e+00  0.000e+00  3.064e+02  4.928e+02
 0.0073  4.64031e+00  1.486e+00  3.155e+00  0.000e+00  3.155e+00  0.000e+00  0.000e+00  0.000e+00  3.155e+00  0.000e+00  0.000e+00  0.000e+00  2.492e+02  5.188e+02
 0.0074  4.64078e+00  1.165e+00  3.476e+00  0.000e+00  3.476e+00  0.000e+00  0.000e+00  0.000e+00  3.476e+00  0.000e+00  0.000e+00  0.000e+00  1.954e+02  5.421e+02
 0.0075  4.64121e+00  8.707e-01  3.771e+00  0.000e+00  3.771e+00  0.000e+00  0.000e+00  0.000e+00  3.771e+00  0.000e+00  0.000e+00  0.000e+00  1.460e+02  5.624e+02
 0.0076  4.64160e+00  6.108e-01  4.031e+00  0.000e+00  4.031e+00  0.000e+00  0.000e+00  0.000e+00  4.031e+00  0.000e+00  0.000e+00  0.000e+00  1.025e+02  5.798e+02
 0.0077  4.64192e+00  3.910e-01  4.251e+00  0.000e+00  4.251e+00  0.000e+00  0.000e+00  0.000e+00  4.251e+00  0.000e+00  0.000e+00  0.000e+00  6.559e+01  5.940e+02
 0.0078  4.64218e+00  2.167e-01  4.426e+00  0.000e+00  4.426e+00  0.000e+00  0.000e+00  0.000e+00  4.426e+00  0.000e+00  0.000e+00  0.000e+00  3.634e+01  6.051e+02
 0.0079  4.64236e+00  9.173e-02  4.551e+00  0.000e+00  4.551e+00  0.000e+00  0.000e+00  0.000e+00  4.551e+00  0.000e+00  0.000e+00  0.000e+00  1.539e+01  6.129e+02
 0.0080  4.64247e+00  1.918e-02  4.623e+00  0.000e+00  4.623e+00  0.000e+00  0.000e+00  0.000e+00  4.623e+00  0.000e+00  0.000e+00  0.000e+00  3.217e+00  6.173e+02
 0.0081  4.64250e+00  7.143e-04  4.642e+00  0.000e+00  4.642e+00  0.000e+00  0.000e+00  0.000e+00  4.642e+00  0.000e+00  0.000e+00  0.000e+00  1.198e-01  6.184e+02
 0.0082  4.64244e+00  3.678e-02  4.606e+00  0.000e+00  4.606e+00  0.000e+00  0.000e+00  0.000e+00  4.606e+00  0.000e+00  0.000e+00  0.000e+00  6.169e+00  6.162e+02
 0.0083  4.64231e+00  1.265e-01  4.516e+00  0.000e+00  4.516e+00  0.000e+00  0.000e+00  0.000e+00  4.516e+00  0.000e+00  0.000e+00  0.000e+00  2.122e+01  6.107e+02
 0.0084  4.64210e+00  2.678e-01  4.374e+00  0.000e+00  4.374e+00  0.000e+00  0.000e+00  0.000e+00  4.374e+00  0.000e+00  0.000e+00  0.000e+00  4.492e+01  6.019e+02
 0.0085  4.64182e+00  4.574e-01  4.184e+00  0.000e+00  4.184e+00  0.000e+00  0.000e+00  0.000e+00  4.184e+00  0.000e+00  0.000e+00  0.000e+00  7.672e+01  5.898e+02
 0.0086  4.64148e+00  6.907e-01  3.951e+00  0.000e+00  3.951e+00  0.000e+00  0.000e+00  0.000e+00  3.951e+00  0.000e+00  0.000e+00  0.000e+00  1.159e+02  5.745e+02
 0.0087  4.64108e+00  9.623e-01  3.679e+00  0.000e+00  3.679e+00  0.000e+00  0.000e+00  0.000e+00  3.679e+00  0.000e+00  0.000e+00  0.000e+00  1.614e+02  5.562e+02
 0.0088  4.64063e+00  1.266e+00  3.375e+00  0.000e+00  3.375e+00  0.000e+00  0.000e+00  0.000e+00  3.375e+00  0.000e+00  0.000e+00  0.000e+00  2.123e+02  5.349e+02
 0.0089  4.64015e+00  1.594e+00  3.046e+00  0.000e+00  3.046e+00  0.000e+00  0.000e+00  0.000e+00  3.046e+00  0.000e+00  0.000e+00  0.000e+00  2.674e+02  5.107e+02
 0.0090  4.63964e+00  1.939e+00  2.700e+00  0.000e+00  2.700e+00  0.000e+00  0.000e+00  0.000e+00  2.700e+00  0.000e+00  0.000e+00  0.000e+00  3.253e+02  4.838e+02
 0.0091  4.63911e+00  2.294e+00  2.346e+00  0.000e+00  2.346e+00  0.000e+00  0.000e+00  0.000e+00  2.346e+00  0.000e+00  0.000e+00  0.000e+00  3.847e+02  4.544e+02
 0.0092  4.63859e+00  2.648e+00  1.990e+00  0.000e+00  1.990e+00  0.000e+00  0.000e+00  0.000e+00  1.990e+00  0.000e+00  0.000e+00  0.000e+00  4.442e+02  4.226e+02
 0.0093  4.63808e+00  2.995e+00  1.643e+00  0.000e+00  1.643e+00  0.000e+00  0.000e+00  0.000e+00  1.643e+00  0.000e+00  0.000e+00  0.000e+00  5.024e+02  3.887e+02
 0.0094  4.63759e+00  3.326e+00  1.311e+00  0.000e+00  1.311e+00  0.000e+00  0.000e+00  0.000e+00  1.311e+00  0.000e+00  0.000e+00  0.000e+00  5.580e+02  3.527e+02
 0.0095  4.63714e+00  3.634e+00  1.003e+00  0.000e+00  1.003e+00  0.000e+00  0.000e+00  0.000e+00  1.003e+00  0.000e+00  0.000e+00  0.000e+00  6.095e+02  3.149e+02
 0.0096  4.63673e+00  3.910e+00  7.266e-01  0.000e+00  7.266e-01  0.000e+00  0.000e+00  0.000e+00  7.266e-01  0.000e+00  0.000e+00  0.000e+00  6.559e+02  2.757e+02
 0.0097  4.63638e+00  4.149e+00  4.874e-01  0.000e+00  4.874e-01  0.000e+00  0.000e+00  0.000e+00  4.874e-01  0.000e+00  0.000e+00  0.000e+00  6.959e+02  2.350e+02
 0.0098  4.63609e+00  4.345e+00  2.913e-01  0.000e+00  2.913e-01  0.000e+00  0.000e+00  0.000e+00  2.913e-01  0.000e+00  0.000e+00  0.000e+00  7.288e+02  1.933e+02
 0.0099  4.63587e+00  4.493e+00  1.430e-01  0.000e+00  1.430e-01  0.000e+00  0.000e+00  0.000e+00  1.430e-01  0.000e+00  0.000e+00  0.000e+00  7.536e+02  1.508e+02
 0.0100  4.63573e+00  4.590e+00  4.594e-02  0.000e+00  4.594e-02  0.000e+00  0.000e+00  0.000e+00  4.594e-02  0.000e+00  0.000e+00  0.000e+00  7.699e+02  1.077e+02
 0.0101  4.63566e+00  4.633e+00  2.428e-03  0.000e+00  2.428e-03  0.000e+00  0.000e+00  0.000e+00  2.428e-03  0.000e+00  0.000e+00  0.000e+00  7.772e+02  6.423e+01
 0.0102  4.63568e+00  4.622e+00  1.348e-02  0.000e+00  1.348e-02  0.000e+00  0.000e+00  0.000e+00  1.348e-02  0.000e+00  0.000e+00  0.000e+00  7.753e+02  2.070e+01
 0.0103  4.63578e+00  4.557e+00  7.883e-02  0.000e+00  7.883e-02  0.000e+00  0.000e+00  0.000e+00  7.883e-02  0.000e+00  0.000e+00  0.000e+00  7.644e+02 -2.265e+01
 0.0104  4.63595e+00  4.439e+00  1.970e-01  0.000e+00  1.970e-01  0.000e+00  0.000e+00  0.000e+00  1.970e-01  0.000e+00  0.000e+00  0.000e+00  7.446e+02 -6.556e+01
 0.0105  4.63620e+00  4.271e+00  3.651e-01  0.000e+00  3.651e-01  0.000e+00  0.000e+00  0.000e+00  3.651e-01  0.000e+00  0.000e+00  0.000e+00  7.164e+02 -1.078e+02
 0.0106  4.63651e+00  4.057e+00  5.792e-01  0.000e+00  5.792e-01  0.000e+00  0.000e+00  0.000e+00  5.792e-01  0.000e+00  0.000e+00  0.000e+00  6.806e+02 -1.491e+02
 0.0107  4.63689e+00  3.803e+00  8.343e-01  0.000e+00  8.343e-01  0.000e+00  0.000e+00  0.000e+00  8.343e-01  0.000e+00  0.000e+00  0.000e+00  6.378e+02 -1.892e+02
 0.0108  4.63732e+00  3.513e+00  1.124e+00  0.000e+00  1.124e+00  0.000e+00  0.000e+00  0.000e+00  1.124e+00  0.000e+00  0.000e+00  0.000e+00  5.892e+02 -2.278e+02
 0.0109  4.63778e+00  3.195e+00  1.443e+00  0.000e+00  1.443e+00  0.000e+00  0.000e+00  0.000e+00  1.443e+00  0.000e+00  0.000e+00  0.000e+00  5.359e+02 -2.649e+02
 0.0110  4.63828e+00  2.857e+00  1.782e+00  0.000e+00  1.782e+00  0.000e+00  0.000e+00  0.000e+00  1.782e+00  0.000e+00  0.000e+00  0.000e+00  4.792e+02 -3.001e+02
 0.0111  4.63880e+00  2.505e+00  2.133e+00  0.000e+00  2.133e+00  0.000e+00  0.000e+00  0.000e+00  2.133e+00  0.000e+00  0.000e+00  0.000e+00  4.203e+02 -3.332e+02
 0.0112  4.63933e+00  2.150e+00  2.489e+00  0.000e+00  2.489e+00  0.000e+00  0.000e+00  0.000e+00  2.489e+00  0.000e+00  0.000e+00  0.000e+00  3.606e+02 -3.640e+02
 0.0113  4.63984e+00  1.798e+00  2.842e+00  0.000e+00  2.842e+00  0.000e+00  0.000e+00  0.000e+00  2.842e+00  0.000e+00  0.000e+00  0.000e+00  3.016e+02 -3.924e+02
 0.0114  4.64035e+00  1.459e+00  3.181e+00  0.000e+00  3.181e+00  0.000e+00  0.000e+00  0.000e+00  3.181e+00  0.000e+00  0.000e+00  0.000e+00  2.447e+02 -4.182e+02
 0.0115  4.64082e+00  1.140e+00  3.501e+00  0.000e+00  3.501e+00  0.000e+00  0.000e+00  0.000e+00  3.501e+00  0.000e+00  0.000e+00  0.000e+00  1.912e+02 -4.412e+02
 0.0116  4.64125e+00  8.483e-01  3.793e+00  0.000e+00  3.793e+00  0.000e+00  0.000e+00  0.000e+00  3.793e+00  0.000e+00  0.000e+00  0.000e+00  1.423e+02 -4.613e+02
 0.0117  4.64162e+00  5.914e-01  4.050e+00  0.000e+00  4.050e+00  0.000e+00  0.000e+00  0.000e+00  4.050e+00  0.000e+00  0.000e+00  0.000e+00  9.921e+01 -4.784e+02
 0.0118  4.64194e+00  3.752e-01  4.267e+00  0.000e+00  4.267e+00  0.000e+00  0.000e+00  0.000e+00  4.267e+00  0.000e+00  0.000e+00  0.000e+00  6.294e+01 -4.924e+02
 0.0119  4.64220e+00  2.047e-01  4.438e+00  0.000e+00  4.438e+00  0.000e+00  0.000e+00  0.000e+00  4.438e+00  0.000e+00  0.000e+00  0.000e+00  3.433e+01 -5.032e+02
 0.0120  4.64237e+00  8.389e-02  4.558e+00  0.000e+00  4.558e+00  0.000e+00  0.000e+00  0.000e+00  4.558e+00  0.000e+00  0.000e+00  0.000e+00  1.407e+01 -5.107e+02
 0.0121  4.64247e+00  1.566e-02  4.627e+00  0.000e+00  4.627e+00  0.000e+00  0.000e+00  0.000e+00  4.627e+00  0.000e+00  0.000e+00  0.000e+00  2.627e+00 -5.149e+02
 0.0122  4.64249e+00  1.607e-03  4.641e+00  0.000e+00  4.641e+00  0.000e+00  0.000e+00  0.000e+00  4.641e+00  0.000e+00  0.000e+00  0.000e+00  2.696e-01 -5.157e+02
 0.0123  4.64244e+00  4.206e-02  4.600e+00  0.000e+00  4.600e+00  0.000e+00  0.000e+00  0.000e+00  4.600e+00  0.000e+00  0.000e+00  0.000e+00  7.055e+00 -5.132e+02
 0.0124  4.64230e+00  1.361e-01  4.506e+00  0.000e+00  4.506e+00  0.000e+00  0.000e+00  0.000e+00  4.506e+00  0.000e+00  0.000e+00  0.000e+00  2.282e+01 -5.074e+02
 0.0125  4.64208e+00  2.814e-01  4.361e+00  0.000e+00  4.361e+00  0.000e+00  0.000e+00  0.000e+00  4.361e+00  0.000e+00  0.000e+00  0.000e+00  4.720e+01 -4.983e+02
 0.0126  4.64180e+00  4.747e-01  4.167e+00  0.000e+00  4.167e+00  0.000e+00  0.000e+00  0.000e+00  4.167e+00  0.000e+00  0.000e+00  0.000e+00  7.962e+01 -4.860e+02
 0.0127  4.64145e+00  7.113e-01  3.930e+00  0.000e+00  3.930e+00  0.000e+00  0.000e+00  0.000e+00  3.930e+00  0.000e+00  0.000e+00  0.000e+00  1.193e+02 -4.705e+02
 0.0128  4.64104e+00  9.858e-01  3.655e+00  0.000e+00  3.655e+00  0.000e+00  0.000e+00  0.000e+00  3.655e+00  0.000e+00  0.000e+00  0.000e+00  1.654e+02 -4.519e+02
 0.0129  4.64059e+00  1.292e+00  3.349e+00  0.000e+00  3.349e+00  0.000e+00  0.000e+00  0.000e+00  3.349e+00  0.000e+00  0.000e+00  0.000e+00  2.166e+02 -4.304e+02
 0.0130  4.64011e+00  1.621e+00  3.019e+00  0.000e+00  3.019e+00  0.000e+00  0.000e+00  0.000e+00  3.019e+00  0.000e+00  0.000e+00  0.000e+00  2.720e+02 -4.060e+02
 0.0131  4.63959e+00  1.968e+00  2.672e+00  0.000e+00  2.672e+00  0.000e+00  0.000e+00  0.000e+00  2.672e+00  0.000e+00  0.000e+00  0.000e+00  3.301e+02 -3.790e+02
 0.0132  4.63907e+00  2.322e+00  2.317e+00  0.000e+00  2.317e+00  0.000e+00  0.000e+00  0.000e+00  2.317e+00  0.000e+00  0.000e+00  0.000e+00  3.896e+02 -3.494e+02
 0.0133  4.63855e+00  2.677e+00  1.962e+00  0.000e+00  1.962e+00  0.000e+00  0.000e+00  0.000e+00  1.962e+00  0.000e+00  0.000e+00  0.000e+00  4.490e+02 -3.174e+02
 0.0134  4.63804e+00  3.023e+00  1.615e+00  0.000e+00  1.615e+00  0.000e+00  0.000e+00  0.000e+00  1.615e+00  0.000e+00  0.000e+00  0.000e+00  5.070e+02 -2.833e+02
 0.0135  4.63755e+00  3.352e+00  1.285e+00  0.000e+00  1.285e+00  0.000e+00  0.000e+00  0.000e+00  1.285e+00  0.000e+00  0.000e+00  0.000e+00  5.623e+02 -2.471e+02
 0.0136  4.63710e+00  3.657e+00  9.798e-01  0.000e+00  9.798e-01  0.000e+00  0.000e+00  0.000e+00  9.798e-01  0.000e+00  0.000e+00  0.000e+00  6.135e+02 -2.093e+02
 0.0137  4.63670e+00  3.931e+00  7.058e-01  0.000e+00  7.058e-01  0.000e+00  0.000e+00  0.000e+00  7.058e-01  0.000e+00  0.000e+00  0.000e+00  6.594e+02 -1.699e+02
 0.0138  4.63635e+00  4.166e+00  4.699e-01  0.000e+00  4.699e-01  0.000e+00  0.000e+00  0.000e+00  4.699e-01  0.000e+00  0.000e+00  0.000e+00  6.989e+02 -1.292e+02
 0.0139  4.63607e+00  4.359e+00  2.775e-01  0.000e+00  2.775e-01  0.000e+00  0.000e+00  0.000e+00  2.775e-01  0.000e+00  0.000e+00  0.000e+00  7.311e+02 -8.740e+01
 0.0140  4.63586e+00  4.503e+00  1.332e-01  0.000e+00  1.332e-01  0.000e+00  0.000e+00  0.000e+00  1.332e-01  0.000e+00  0.000e+00  0.000e+00  7.553e+02 -4.481e+01
 0.0141  4.63572e+00  4.595e+00  4.042e-02  0.000e+00  4.042e-02  0.000e+00  0.000e+00  0.000e+00  4.042e-02  0.000e+00  0.000e+00  0.000e+00  7.708e+02 -1.658e+00
 0.0142  4.63566e+00  4.634e+00  1.289e-03  0.000e+00  1.289e-03  0.000e+00  0.000e+00  0.000e+00  1.289e-03  0.000e+00  0.000e+00  0.000e+00  7.774e+02  4.181e+01
 0.0143  4.63568e+00  4.619e+00  1.676e-02  0.000e+00  1.676e-02  0.000e+00  0.000e+00  0.000e+00  1.676e-02  0.000e+00  0.000e+00  0.000e+00  7.748e+02  8.533e+01
 0.0144  4.63579e+00  4.549e+00  8.645e-02  0.000e+00  8.645e-02  0.000e+00  0.000e+00  0.000e+00  8.645e-02  0.000e+00  0.000e+00  0.000e+00  7.631e+02  1.287e+02
 0.0145  4.63597e+00  4.427e+00  2.087e-01  0.000e+00  2.087e-01  0.000e+00  0.000e+00  0.000e+00  2.087e-01  0.000e+00  0.000e+00  0.000e+00  7.426e+02  1.715e+02
 0.0146  4.63622e+00  4.255e+00  3.807e-01  0.000e+00  3.807e-01  0.000e+00  0.000e+00  0.000e+00  3.807e-01  0.000e+00  0.000e+00  0.000e+00  7.138e+02  2.137e+02
 0.0147  4.63654e+00  4.038e+00  5.984e-01  0.000e+00  5.984e-01  0.000e+00  0.000e+00  0.000e+00  5.984e-01  0.000e+00  0.000e+00  0.000e+00  6.774e+02  2.549e+02
 0.0148  4.63692e+00  3.780e+00  8.566e-01  0.000e+00  8.566e-01  0.000e+00  0.000e+00  0.000e+00  8.566e-01  0.000e+00  0.000e+00  0.000e+00  6.341e+02  2.949e+02
 0.0149  4.63735e+00  3.488e+00  1.149e+00  0.000e+00  1.149e+00  0.000e+00  0.000e+00  0.000e+00  1.149e+00  0.000e+00  0.000e+00  0.000e+00  5.851e+02  3.335e+02
 0.0150  4.63782e+00  3.168e+00  1.469e+00  0.000e+00  1.469e+00  0.000e+00  0.000e+00  0.000e+00  1.469e+00  0.000e+00  0.000e+00  0.000e+00  5.315e+02  3.704e+02
 0.0151  4.63832e+00  2.829e+00  1.810e+00  0.000e+00  1.810e+00  0.000e+00  0.000e+00  0.000e+00  1.810e+00  0.000e+00  0.000e+00  0.000e+00  4.745e+02  4.054e+02
 0.0152  4.63884e+00  2.477e+00  2.162e+00  0.000e+00  2.162e+00  0.000e+00  0.000e+00  0.000e+00  2.162e+00  0.000e+00  0.000e+00  0.000e+00  4.154e+02  4.383e+02
 0.0153  4.63937e+00  2.121e+00  2.518e+00  0.000e+00  2.518e+00  0.000e+00  0.000e+00  0.000e+00  2.518e+00  0.000e+00  0.000e+00  0.000e+00  3.558e+02  4.690e+02
 0.0154  4.63989e+00  1.770e+00  2.870e+00  0.000e+00  2.870e+00  0.000e+00  0.000e+00  0.000e+00  2.870e+00  0.000e+00  0.000e+00  0.000e+00  2.969e+02  4.972e+02
 0.0155  4.64038e+00  1.432e+00  3.208e+00  0.000e+00  3.208e+00  0.000e+00  0.000e+00  0.000e+00  3.208e+00  0.000e+00  0.000e+00  0.000e+00  2.402e+02  5.228e+02
 0.0156  4.64085e+00  1.115e+00  3.526e+00  0.000e+00  3.526e+00  0.000e+00  0.000e+00  0.000e+00  3.526e+00  0.000e+00  0.000e+00  0.000e+00  1.870e+02  5.456e+02
 0.0157  4.64128e+00  8.262e-01  3.815e+00  0.000e+00  3.815e+00  0.000e+00  0.000e+00  0.000e+00  3.815e+00  0.000e+00  0.000e+00  0.000e+00  1.386e+02  5.655e+02
 0.0158  4.64165e+00  5.724e-01  4.069e+00  0.000e+00  4.069e+00  0.000e+00  0.000e+00  0.000e+00  4.069e+00  0.000e+00  0.000e+00  0.000e+00  9.601e+01  5.823e+02
 0.0159  4.64197e+00  3.597e-01  4.282e+00  0.000e+00  4.282e+00  0.000e+00  0.000e+00  0.000e+00  4.282e+00  0.000e+00  0.000e+00  0.000e+00  6.033e+01  5.960e+02
 0.0160  4.64221e+00  1.930e-01  4.449e+00  0.000e+00  4.449e+00  0.000e+00  0.000e+00  0.000e+00  4.449e+00  0.000e+00  0.000e+00  0.000e+00  3.238e+01  6.066e+02
 0.0161  4.64238e+00  7.639e-02  4.566e+00  0.000e+00  4.566e+00  0.000e+00  0.000e+00  0.000e+00  4.566e+00  0.000e+00  0.000e+00  0.000e+00  1.281e+01  6.138e+02
 0.0162  4.64248e+00  1.250e-02  4.630e+00  0.000e+00  4.630e+00  0.000e+00  0.000e+00  0.000e+00  4.630e+00  0.000e+00  0.000e+00  0.000e+00  2.097e+00  6.177e+02
 0.0163  4.64249e+00  2.857e-03  4.640e+00  0.000e+00  4.640e+00  0.000e+00  0.000e+00  0.000e+00  4.640e+00  0.000e+00  0.000e+00  0.000e+00  4.792e-01  6.183e+02
 0.0164  4.64243e+00  4.769e-02  4.595e+00  0.000e+00  4.595e+00  0.000e+00  0.000e+00  0.000e+00  4.595e+00  0.000e+00  0.000e+00  0.000e+00  8.000e+00  6.156e+02
 0.0165  4.64228e+00  1.459e-01  4.496e+00  0.000e+00  4.496e+00  0.000e+00  0.000e+00  0.000e+00  4.496e+00  0.000e+00  0.000e+00  0.000e+00  2.448e+01  6.095e+02
 0.0166  4.64206e+00  2.953e-01  4.347e+00  0.000e+00  4.347e+00  0.000e+00  0.000e+00  0.000e+00  4.347e+00  0.000e+00  0.000e+00  0.000e+00  4.953e+01  6.001e+02
 0.0167  4.64177e+00  4.923e-01  4.150e+00  0.000e+00  4.150e+00  0.000e+00  0.000e+00  0.000e+00  4.150e+00  0.000e+00  0.000e+00  0.000e+00  8.257e+01  5.875e+02
 0.0168  4.64142e+00  7.322e-01  3.909e+00  0.000e+00  3.909e+00  0.000e+00  0.000e+00  0.000e+00  3.909e+00  0.000e+00  0.000e+00  0.000e+00  1.228e+02  5.718e+02
 0.0169  4.64101e+00  1.009e+00  3.632e+00  0.000e+00  3.632e+00  0.000e+00  0.000e+00  0.000e+00  3.632e+00  0.000e+00  0.000e+00  0.000e+00  1.693e+02  5.529e+02
 0.0170  4.64055e+00  1.317e+00  3.323e+00  0.000e+00  3.323e+00  0.000e+00  0.000e+00  0.000e+00  3.323e+00  0.000e+00  0.000e+00  0.000e+00  2.210e+02  5.312e+02
 0.0171  4.64006e+00  1.649e+00  2.991e+00  0.000e+00  2.991e+00  0.000e+00  0.000e+00  0.000e+00  2.991e+00  0.000e+00  0.000e+00  0.000e+00  2.766e+02  5.066e+02
 0.0172  4.63955e+00  1.996e+00  2.643e+00  0.000e+00  2.643e+00  0.000e+00  0.000e+00  0.000e+00  2.643e+00  0.000e+00  0.000e+00  0.000e+00  3.349e+02  4.793e+02
 0.0173  4.63903e+00  2.351e+00  2.288e+00  0.000e+00  2.288e+00  0.000e+00  0.000e+00  0.000e+00  2.288e+00  0.000e+00  0.000e+00  0.000e+00  3.944e+02  4.494e+02
 0.0174  4.63851e+00  2.705e+00  1.933e+00  0.000e+00  1.933e+00  0.000e+00  0.000e+00  0.000e+00  1.933e+00  0.000e+00  0.000e+00  0.000e+00  4.538e+02  4.173e+02
 0.0175  4.63800e+00  3.050e+00  1.588e+00  0.000e+00  1.588e+00  0.000e+00  0.000e+00  0.000e+00  1.588e+00  0.000e+00  0.000e+00  0.000e+00  5.116e+02  3.830e+02
 0.0176  4.63751e+00  3.378e+00  1.260e+00  0.000e+00  1.260e+00  0.000e+00  0.000e+00  0.000e+00  1.260e+00  0.000e+00  0.000e+00  0.000e+00  5.666e+02  3.467e+02
 0.0177  4.63707e+00  3.681e+00  9.564e-01  0.000e+00  9.564e-01  0.000e+00  0.000e+00  0.000e+00  9.564e-01  0.000e+00  0.000e+00  0.000e+00  6.174e+02  3.087e+02
 0.0178  4.63667e+00  3.951e+00  6.853e-01  0.000e+00  6.853e-01  0.000e+00  0.000e+00  0.000e+00  6.853e-01  0.000e+00  0.000e+00  0.000e+00  6.628e+02  2.692e+02
 0.0179  4.63633e+00  4.184e+00  4.526e-01  0.000e+00  4.526e-01  0.000e+00  0.000e+00  0.000e+00  4.526e-01  0.000e+00  0.000e+00  0.000e+00  7.018e+02  2.284e+02
 0.0180  4.63605e+00  4.372e+00  2.640e-01  0.000e+00  2.640e-01  0.000e+00  0.000e+00  0.000e+00  2.640e-01  0.000e+00  0.000e+00  0.000e+00  7.334e+02  1.865e+02
 0.0181  4.63584e+00  4.512e+00  1.238e-01  0.000e+00  1.238e-01  0.000e+00  0.000e+00  0.000e+00  1.238e-01  0.000e+00  0.000e+00  0.000e+00  7.569e+02  1.439e+02
 0.0182  4.63571e+00  4.600e+00  3.524e-02  0.000e+00  3.524e-02  0.000e+00  0.000e+00  0.000e+00  3.524e-02  0.000e+00  0.000e+00  0.000e+00  7.717e+02  1.007e+02
 0.0183  4.63566e+00  4.635e+00  5.076e-04  0.000e+00  5.076e-04  0.000e+00  0.000e+00  0.000e+00  5.076e-04  0.000e+00  0.000e+00  0.000e+00  7.775e+02  5.719e+01
 0.0184  4.63569e+00  4.615e+00  2.039e-02  0.000e+00  2.039e-02  0.000e+00  0.000e+00  0.000e+00  2.039e-02  0.000e+00  0.000e+00  0.000e+00  7.742e+02  1.367e+01
 0.0185  4.63580e+00  4.541e+00  9.441e-02  0.000e+00  9.441e-02  0.000e+00  0.000e+00  0.000e+00  9.441e-02  0.000e+00  0.000e+00  0.000e+00  7.618e+02 -2.962e+01
 0.0186  4.63598e+00  4.415e+00  2.208e-01  0.000e+00  2.208e-01  0.000e+00  0.000e+00  0.000e+00  2.208e-01  0.000e+00  0.000e+00  0.000e+00  7.406e+02 -7.244e+01
 0.0187  4.63624e+00  4.240e+00  3.967e-01  0.000e+00  3.967e-01  0.000e+00  0.000e+00  0.000e+00  3.967e-01  0.000e+00  0.000e+00  0.000e+00  7.111e+02 -1.145e+02
 0.0188  4.63657e+00  4.019e+00  6.178e-01  0.000e+00  6.178e-01  0.000e+00  0.000e+00  0.000e+00  6.178e-01  0.000e+00  0.000e+00  0.000e+00  6.741e+02 -1.556e+02
 0.0189  4.63695e+00  3.758e+00  8.791e-01  0.000e+00  8.791e-01  0.000e+00  0.000e+00  0.000e+00  8.791e-01  0.000e+00  0.000e+00  0.000e+00  6.303e+02 -1.955e+02
 0.0190  4.63739e+00  3.463e+00  1.174e+00  0.000e+00  1.174e+00  0.000e+00  0.000e+00  0.000e+00  1.174e+00  0.000e+00  0.000e+00  0.000e+00  5.809e+02 -2.340e+02
 0.0191  4.63786e+00  3.141e+00  1.496e+00  0.000e+00  1.496e+00  0.000e+00  0.000e+00  0.000e+00  1.496e+00  0.000e+00  0.000e+00  0.000e+00  5.270e+02 -2.707e+02
 0.0192  4.63837e+00  2.800e+00  1.838e+00  0.000e+00  1.838e+00  0.000e+00  0.000e+00  0.000e+00  1.838e+00  0.000e+00  0.000e+00  0.000e+00  4.697e+02 -3.056e+02
 0.0193  4.63889e+00  2.448e+00  2.191e+00  0.000e+00  2.191e+00  0.000e+00  0.000e+00  0.000e+00  2.191e+00  0.000e+00  0.000e+00  0.000e+00  4.106e+02 -3.383e+02
 0.0194  4.63941e+00  2.093e+00  2.547e+00  0.000e+00  2.547e+00  0.000e+00  0.000e+00  0.000e+00  2.547e+00  0.000e+00  0.000e+00  0.000e+00  3.510e+02 -3.688e+02
 0.0195  4.63993e+00  1.742e+00  2.898e+00  0.000e+00  2.898e+00  0.000e+00  0.000e+00  0.000e+00  2.898e+00  0.000e+00  0.000e+00  0.000e+00  2.923e+02 -3.968e+02
 0.0196  4.64042e+00  1.406e+00  3.235e+00  0.000e+00  3.235e+00  0.000e+00  0.000e+00  0.000e+00  3.235e+00  0.000e+00  0.000e+00  0.000e+00  2.358e+02 -4.221e+02
 0.0197  4.64089e+00  1.091e+00  3.550e+00  0.000e+00  3.550e+00  0.000e+00  0.000e+00  0.000e+00  3.550e+00  0.000e+00  0.000e+00  0.000e+00  1.829e+02 -4.447e+02
 0.0198  4.64131e+00  8.043e-01  3.837e+00  0.000e+00  3.837e+00  0.000e+00  0.000e+00  0.000e+00  3.837e+00  0.000e+00  0.000e+00  0.000e+00  1.349e+02 -4.643e+02
 0.0199  4.64168e+00  5.536e-01  4.088e+00  0.000e+00  4.088e+00  0.000e+00  0.000e+00  0.000e+00  4.088e+00  0.000e+00  0.000e+00  0.000e+00  9.286e+01 -4.809e+02
 0.0200  4.64168e+00  5.536e-01  4.088e+00  0.000e+00  4.088e+00  0.000e+00  0.000e+00  0.000e+00  4.088e+00  0.000e+00  0.000e+00  0.000e+00  9.286e+01 -4.809e+02
