#                       1.000e-06 2.000e-04 1.000e-04 2.000e-03 1.000e-03
# iter          energy    delta_e   grad_max   grad_rms   disp_max   disp_rms
  1    93.314671645011 -3.926e+01  1.675e+01  3.214e+01  2.996e-02  1.171e-01 
  2    85.419387608827 -7.895e+00  1.634e+01  3.500e+01  1.753e-02  4.512e-02 
  3    80.914663866104 -4.505e+00  2.151e+01  5.294e+01  2.258e-02  6.211e-02 
  4    74.155220740242 -6.759e+00  6.627e+00  1.799e+01  1.334e-02  5.242e-02 
  5    74.124155050195 -3.107e-02  7.346e+00  2.056e+01  1.005e-03  4.036e-03 
  6    71.323816355175 -2.800e+00  8.642e+00  1.978e+01  1.635e-02  3.670e-02 
  7    67.772005911082 -3.552e+00  7.806e+00  2.139e+01  2.317e-02  7.028e-02 
  8    65.824475141023 -1.948e+00  4.628e+00  9.782e+00  2.368e-02  7.415e-02 
  9    65.385597667406 -4.389e-01  2.543e+00  1.008e+01  3.979e-03  9.255e-03 
 10    65.317240580475 -6.836e-02  3.229e+00  9.638e+00  2.198e-03  6.055e-03 
 11    65.050355202621 -2.669e-01  2.135e+00  5.587e+00  3.602e-03  6.844e-03 
 12    64.990579221628 -5.978e-02  2.869e+00  7.725e+00  2.625e-03  4.853e-03 
 13    64.826251896138 -1.643e-01  1.242e+00  2.689e+00  2.568e-03  4.854e-03 
 14    64.822952442300 -3.299e-03  1.478e+00  3.383e+00  4.456e-04* 9.214e-04*
 15    64.766179813291 -5.677e-02  1.193e+00  2.933e+00  1.742e-03  3.270e-03 
 16    64.714172692911 -5.201e-02  2.021e+00  5.116e+00  3.389e-03  6.424e-03 
 17    64.640469165024 -7.370e-02  7.736e-01  1.840e+00  1.702e-03  3.305e-03 
 18    64.639804888710 -6.643e-04  9.091e-01  2.338e+00  1.922e-04* 4.007e-04*
 19    64.609333669976 -3.047e-02  1.007e+00  2.019e+00  1.641e-03  3.148e-03 
 20    64.526060110143 -8.327e-02  1.459e+00  4.745e+00  5.276e-03  1.287e-02 
 21    64.456504228371 -6.956e-02  1.069e+00  2.941e+00  3.249e-03  5.878e-03 
 22    64.433153519169 -2.335e-02  1.968e+00  6.283e+00  3.530e-03  6.786e-03 
 23    64.337262700599 -9.589e-02  1.071e+00  2.539e+00  2.871e-03  7.046e-03 
 24    64.331954825069 -5.308e-03  1.527e+00  4.573e+00  9.544e-04* 2.575e-03 
 25    64.238356509066 -9.360e-02  1.578e+00  4.494e+00  3.648e-03  9.481e-03 
 26    64.042230456227 -1.961e-01  3.186e+00  8.566e+00  1.151e-02  2.889e-02 
 27    63.810922152329 -2.313e-01  1.338e+00  4.187e+00  4.403e-03  1.156e-02 
 28    63.808344093625 -2.578e-03  1.678e+00  5.402e+00  5.667e-04* 1.501e-03*
 29    63.495194777685 -3.131e-01  3.600e+00  9.959e+00  1.293e-02  2.978e-02 
 30    63.181215136563 -3.140e-01  1.777e+00  5.664e+00  4.757e-03  8.886e-03 
 31    63.172721001792 -8.494e-03  2.353e+00  6.798e+00  1.024e-03  1.905e-03*
 32    62.974774432665 -1.979e-01  2.177e+00  5.061e+00  5.012e-03  8.773e-03 
 33    62.647623354173 -3.272e-01  4.748e+00  1.065e+01  1.516e-02  3.353e-02 
 34    62.115353362536 -5.323e-01  2.465e+00  4.260e+00  6.053e-03  1.222e-02 
 35    62.094338471184 -2.101e-02  3.186e+00  7.126e+00  1.581e-03  3.448e-03 
 36    61.839587069405 -2.548e-01  1.923e+00  5.047e+00  4.199e-03  8.816e-03 
 37    61.810291922589 -2.930e-02  2.851e+00  7.807e+00  2.149e-03  5.337e-03 
 38    61.577427551527 -2.329e-01  2.354e+00  7.257e+00  4.340e-03  1.098e-02 
 39    61.375065849431 -2.024e-01  4.609e+00  7.868e+00  8.669e-03  2.035e-02 
 40    60.974170834167 -4.009e-01  1.974e+00  4.039e+00  4.320e-03  7.848e-03 
 41    60.968345613838 -5.825e-03  2.421e+00  4.860e+00  6.404e-04* 1.158e-03*
 42    60.736408539439 -2.319e-01  2.457e+00  6.175e+00  5.013e-03  1.158e-02 
 43    60.314906529732 -4.215e-01  4.332e+00  1.236e+01  1.354e-02  3.413e-02 
 44    59.698901148861 -6.160e-01  3.252e+00  7.453e+00  8.477e-03  1.676e-02 
 45    59.501408069617 -1.975e-01  4.924e+00  1.487e+01  8.223e-03  1.688e-02 
 46    59.012204883663 -4.892e-01  2.522e+00  5.070e+00  5.511e-03  1.343e-02 
 47    58.988395562813 -2.381e-02  3.336e+00  8.634e+00  1.607e-03  4.275e-03 
 48    58.622034182510 -3.664e-01  2.297e+00  6.287e+00  5.706e-03  1.351e-02 
 49    58.545648415812 -7.639e-02  3.600e+00  9.644e+00  4.358e-03  1.159e-02 
 50    58.219689592483 -3.260e-01  2.611e+00  8.863e+00  4.785e-03  1.193e-02 
 51    58.092205323620 -1.275e-01  4.280e+00  1.061e+01  5.226e-03  1.277e-02 
 52    57.733066958121 -3.591e-01  1.886e+00  3.559e+00  4.258e-03  7.118e-03 
 53    57.729037944232 -4.029e-03  2.284e+00  4.462e+00  5.610e-04* 1.070e-03*
 54    57.503786720887 -2.253e-01  2.593e+00  6.436e+00  5.096e-03  1.192e-02 
 55    57.054331982943 -4.495e-01  3.862e+00  1.155e+01  1.246e-02  3.024e-02 
 56    56.459547094193 -5.948e-01  3.193e+00  1.032e+01  1.105e-02  2.553e-02 
 57    56.041527672165 -4.180e-01  6.005e+00  1.758e+01  2.016e-02  5.031e-02 
 58    55.348321716194 -6.932e-01  2.601e+00  8.045e+00  7.194e-03  1.658e-02 
 59    55.336852928723 -1.147e-02  3.102e+00  1.068e+01  1.116e-03  2.681e-03 
 60    55.078741193157 -2.581e-01  1.380e+00  2.530e+00  4.407e-03  9.463e-03 
 61    55.074897837119 -3.843e-03  1.700e+00  3.520e+00  6.580e-04* 1.613e-03*
 62    54.919865681223 -1.550e-01  1.847e+00  5.970e+00  4.918e-03  1.438e-02 
 63    54.704799976737 -2.151e-01  2.480e+00  5.298e+00  8.897e-03  2.186e-02 
 64    54.439693614001 -2.651e-01  2.146e+00  5.167e+00  8.037e-03  1.726e-02 
 65    54.272217533832 -1.675e-01  2.882e+00  8.237e+00  1.079e-02  2.414e-02 
 66    54.013710136032 -2.585e-01  1.996e+00  7.244e+00  6.726e-03  1.447e-02 
 67    53.963337763309 -5.037e-02  2.012e+00  5.270e+00  3.667e-03  8.085e-03 
 68    53.893604337291 -6.973e-02  1.137e+00  4.406e+00  1.868e-03  3.735e-03 
 69    53.884092362133 -9.512e-03  1.437e+00  5.187e+00  9.083e-04* 2.054e-03 
 70    53.843835306528 -4.026e-02  5.369e-01  1.092e+00  1.274e-03  2.978e-03 
 71    53.843400959574 -4.343e-04  6.384e-01  1.632e+00  1.600e-04* 3.207e-04*
 72    53.825137960278 -1.826e-02  8.063e-01  1.709e+00  1.437e-03  3.328e-03 
 73    53.795283265471 -2.985e-02  7.755e-01  2.262e+00  2.179e-03  6.054e-03 
 74    53.720073056946 -7.521e-02  1.846e+00  5.585e+00  9.891e-03  2.583e-02 
 75    53.657096637916 -6.298e-02  6.699e-01  2.493e+00  1.809e-03  3.302e-03 
 76    53.656603285241 -4.934e-04  7.736e-01  2.950e+00  1.928e-04* 3.815e-04*
 77    53.638196269146 -1.841e-02  5.911e-01  1.433e+00  1.193e-03  2.216e-03 
 78    53.628807481627 -9.389e-03  7.668e-01  1.726e+00  1.371e-03  2.458e-03 
 79    53.616322728251 -1.248e-02  4.799e-01  1.036e+00  8.057e-04* 2.644e-03 
 80    53.613384968022 -2.938e-03  7.101e-01  2.916e+00  6.076e-04* 1.448e-03*
 81    53.601995829053 -1.139e-02  4.208e-01  1.299e+00  7.610e-04* 2.006e-03 
 82    53.600668569608 -1.327e-03  6.453e-01  2.572e+00  4.022e-04* 8.457e-04*
 83    53.588371793054 -1.230e-02  4.370e-01  1.449e+00  9.378e-04* 2.193e-03 
 84    53.585744222792 -2.628e-03  7.638e-01  2.484e+00  7.886e-04* 1.993e-03*
 85    53.572625083086 -1.312e-02  4.363e-01  1.100e+00  8.926e-04* 1.964e-03*
 86    53.571729687656 -8.954e-04  6.459e-01  2.056e+00  3.438e-04* 7.843e-04*
 87    53.556812989618 -1.492e-02  5.423e-01  1.624e+00  1.237e-03  2.806e-03 
 88    53.536437384594 -2.038e-02  1.475e+00  6.972e+00  4.312e-03  1.086e-02 
 89    53.500576136836 -3.586e-02  5.216e-01  1.518e+00  1.145e-03  2.564e-03 
 90    53.500278201643 -2.979e-04  6.084e-01  2.048e+00  1.202e-04* 2.753e-04*
 91    53.482627668047 -1.765e-02  5.202e-01  1.361e+00  1.443e-03  4.529e-03 
 92    53.463671249038 -1.896e-02  9.398e-01  1.770e+00  3.227e-03  8.929e-03 
 93    53.435602127606 -2.807e-02  8.204e-01  2.457e+00  1.492e-03  4.541e-03 
 94    53.412951120992 -2.265e-02  8.781e-01  2.399e+00  2.148e-03  6.742e-03 
 95    53.387086360940 -2.586e-02  9.071e-01  3.803e+00  1.606e-03  3.630e-03 
 96    53.359159126649 -2.793e-02  6.643e-01  1.695e+00  2.040e-03  5.457e-03 
 97    53.342884595436 -1.627e-02  1.282e+00  2.573e+00  2.676e-03  7.487e-03 
 98    53.290612014611 -5.227e-02  9.891e-01  3.068e+00  2.181e-03  5.260e-03 
 99    53.269287968489 -2.132e-02  1.383e+00  5.933e+00  2.372e-03  6.170e-03 
100    53.231764701551 -3.752e-02  8.070e-01  2.934e+00  1.393e-03  3.558e-03 
101    53.227152146452 -4.613e-03  1.147e+00  4.141e+00  7.055e-04* 2.169e-03 
102    53.193455282488 -3.370e-02  6.184e-01  1.194e+00  1.414e-03  3.924e-03 
103    53.191805423962 -1.650e-03  8.785e-01  1.871e+00  4.482e-04* 1.254e-03*
104    53.160689674934 -3.112e-02  9.424e-01  2.495e+00  1.910e-03  5.297e-03 
105    53.044281719945 -1.164e-01  2.208e+00  7.306e+00  9.919e-03  3.042e-02 
106    52.928527100375 -1.158e-01  1.209e+00  4.105e+00  2.817e-03  7.249e-03 
107    52.920873974338 -7.653e-03  1.627e+00  6.109e+00  9.963e-04* 2.998e-03 
108    52.860577829660 -6.030e-02  8.829e-01  2.198e+00  1.943e-03  6.264e-03 
109    52.856604405619 -3.973e-03  1.270e+00  3.351e+00  7.154e-04* 2.362e-03 
110    52.794320895848 -6.228e-02  1.053e+00  2.226e+00  2.639e-03  6.502e-03 
111    52.742221074183 -5.210e-02  2.180e+00  4.799e+00  5.641e-03  1.488e-02 
112    52.626683377814 -1.155e-01  1.355e+00  3.769e+00  2.695e-03  7.691e-03 
113    52.608662160508 -1.802e-02  1.853e+00  5.242e+00  1.565e-03  4.653e-03 
114    52.540462696551 -6.820e-02  9.906e-01  3.394e+00  1.811e-03  4.125e-03 
115    52.535516139967 -4.947e-03  1.394e+00  5.523e+00  6.861e-04* 1.887e-03*
116    52.468944283601 -6.657e-02  9.564e-01  2.567e+00  2.365e-03  6.750e-03 
117    52.452959603609 -1.598e-02  1.760e+00  4.844e+00  2.184e-03  6.702e-03 
118    52.369451879554 -8.351e-02  1.285e+00  3.327e+00  2.486e-03  6.684e-03 
119    52.338247607840 -3.120e-02  2.205e+00  8.925e+00  2.820e-03  8.761e-03 
120    52.241821705356 -9.643e-02  1.090e+00  3.010e+00  2.213e-03  5.743e-03 
121    52.238368986641 -3.453e-03  1.457e+00  4.245e+00  5.573e-04* 1.532e-03*
122    52.153455914847 -8.491e-02  1.177e+00  2.999e+00  3.083e-03  7.768e-03 
123    52.072521154616 -8.093e-02  3.085e+00  7.709e+00  8.145e-03  2.450e-02 
124    51.869078049686 -2.034e-01  1.519e+00  4.018e+00  3.163e-03  8.379e-03 
125    51.860676948632 -8.401e-03  1.909e+00  5.268e+00  8.379e-04* 2.333e-03 
126    51.785206975490 -7.547e-02  9.906e-01  2.543e+00  1.929e-03  4.812e-03 
127    51.780752551359 -4.454e-03  1.389e+00  4.822e+00  6.502e-04* 1.641e-03*
128    51.683380435627 -9.737e-02  1.381e+00  5.752e+00  3.493e-03  9.907e-03 
129    51.526235428718 -1.571e-01  2.638e+00  6.162e+00  9.852e-03  2.721e-02 
130    51.268565870078 -2.577e-01  1.845e+00  5.713e+00  5.721e-03  1.875e-02 
131    51.213630963692 -5.493e-02  2.630e+00  6.047e+00  4.199e-03  1.420e-02 
132    51.034144262931 -1.795e-01  1.995e+00  6.419e+00  3.835e-03  9.677e-03 
133    50.956728745504 -7.742e-02  2.548e+00  8.234e+00  3.932e-03  1.077e-02 
134    50.839750812059 -1.170e-01  1.333e+00  4.461e+00  2.328e-03  6.784e-03 
135    50.828993181230 -1.076e-02  1.846e+00  7.435e+00  9.782e-04* 3.181e-03 
136    50.724958576940 -1.040e-01  1.138e+00  2.859e+00  2.815e-03  7.763e-03 
137    50.715540444043 -9.418e-03  1.774e+00  5.118e+00  1.344e-03  3.939e-03 
138    50.601830431346 -1.137e-01  1.568e+00  5.323e+00  3.339e-03  8.459e-03 
139    50.483813487738 -1.180e-01  2.570e+00  9.746e+00  7.169e-03  1.955e-02 
140    50.304225231043 -1.796e-01  1.910e+00  6.105e+00  3.855e-03  1.126e-02 
141    50.235136936977 -6.909e-02  2.479e+00  7.573e+00  3.744e-03  1.233e-02 
142    50.117361927050 -1.178e-01  1.459e+00  2.701e+00  2.484e-03  6.948e-03 
143    50.101350625678 -1.601e-02  2.059e+00  6.280e+00  1.313e-03  3.771e-03 
144    50.000863035933 -1.005e-01  9.378e-01  2.134e+00  2.360e-03  5.241e-03 
145    49.999173857584 -1.689e-03  1.211e+00  3.268e+00  3.989e-04* 1.033e-03*
146    49.873931251196 -1.252e-01  2.288e+00  7.861e+00  5.754e-03  1.889e-02 
147    49.753468889324 -1.205e-01  1.056e+00  3.190e+00  2.733e-03  7.322e-03 
148    49.751408179017 -2.061e-03  1.413e+00  4.312e+00  4.725e-04* 1.356e-03*
149    49.561710295573 -1.897e-01  2.586e+00  7.511e+00  8.933e-03  2.782e-02 
150    49.390571275632 -1.711e-01  1.340e+00  3.366e+00  4.168e-03  1.233e-02 
151    49.386162572787 -4.409e-03  1.864e+00  5.468e+00  9.376e-04* 2.923e-03 
152    49.231041165963 -1.551e-01  1.759e+00  4.942e+00  5.906e-03  1.894e-02 
153    48.555864925883 -6.752e-01  4.441e+00  1.370e+01  4.595e-02  1.510e-01 
154    48.229983981863 -3.259e-01  1.482e+00  6.376e+00  4.040e-03  1.133e-02 
155    48.227962385025 -2.022e-03  1.637e+00  7.205e+00  3.539e-04* 1.037e-03*
156    48.164883653515 -6.308e-02  7.496e-01  1.580e+00  1.746e-03  4.151e-03 
157    48.162828047820 -2.056e-03  9.047e-01  1.870e+00  3.913e-04* 9.763e-04*
158    48.139540123544 -2.329e-02  6.534e-01  1.090e+00  1.151e-03  2.755e-03 
159    48.129484738392 -1.006e-02  9.415e-01  2.197e+00  1.286e-03  3.443e-03 
160    48.110082248672 -1.940e-02  5.404e-01  1.219e+00  9.357e-04* 2.067e-03 
161    48.107592572827 -2.490e-03  7.696e-01  2.391e+00  4.932e-04* 1.094e-03*
162    48.091380789603 -1.621e-02  5.739e-01  1.664e+00  9.946e-04* 2.023e-03 
163    48.083171569852 -8.209e-03  1.057e+00  3.570e+00  1.410e-03  3.294e-03 
164    48.060609878802 -2.256e-02  4.773e-01  1.289e+00  1.014e-03  2.002e-03 
165    48.060220311934 -3.896e-04  5.916e-01  1.682e+00  1.646e-04* 3.605e-04*
166    48.047142826192 -1.308e-02  5.964e-01  1.285e+00  1.129e-03  2.854e-03 
167    47.991187863059 -5.595e-02  1.427e+00  4.411e+00  7.381e-03  2.078e-02 
168    47.950995722225 -4.019e-02  5.696e-01  1.307e+00  1.397e-03  3.803e-03 
169    47.950546912515 -4.488e-04  6.676e-01  1.633e+00  1.775e-04* 5.479e-04*
170    47.936294618860 -1.425e-02  5.652e-01  2.075e+00  1.024e-03  3.402e-03 
171    47.926134315166 -1.016e-02  6.368e-01  1.603e+00  1.416e-03  5.151e-03 
172    47.918000513262 -8.134e-03  4.091e-01  7.549e-01  6.661e-04* 2.159e-03 
173    47.915356879942 -2.644e-03  6.525e-01  1.626e+00  6.078e-04* 1.973e-03*
174    47.904329490452 -1.103e-02  4.411e-01  1.220e+00  8.141e-04* 2.037e-03 
175    47.901985536296 -2.344e-03  7.067e-01  2.121e+00  6.384e-04* 1.786e-03*
176    47.891870706540 -1.011e-02  2.958e-01  6.970e-01  7.056e-04* 1.645e-03*
177    47.891774206438 -9.650e-05  3.615e-01  9.510e-01  8.555e-05* 2.160e-04*
178    47.882041715361 -9.732e-03  6.019e-01  1.548e+00  1.493e-03  3.999e-03 
179    47.870350900691 -1.169e-02  4.188e-01  9.385e-01  1.112e-03  2.757e-03 
180    47.868143492628 -2.207e-03  7.521e-01  1.842e+00  8.969e-04* 2.449e-03 
181    47.855118543187 -1.302e-02  3.542e-01  9.406e-01  9.927e-04* 2.597e-03 
182    47.854967053067 -1.515e-04  4.397e-01  1.177e+00  1.355e-04* 3.814e-04*
183    47.847308769540 -7.658e-03  4.256e-01  1.345e+00  1.024e-03  3.069e-03 
184    47.826509126728 -2.080e-02  1.025e+00  3.590e+00  4.894e-03  1.460e-02 
185    47.807412826105 -1.910e-02  2.719e-01  5.640e-01  9.997e-04* 2.387e-03 
186    47.807396235526 -1.659e-05  2.884e-01  6.144e-01  2.574e-05* 6.226e-05*
187    47.804725881248 -2.670e-03  2.716e-01  7.065e-01  4.433e-04* 9.978e-04*
188    47.800540662512 -4.185e-03  4.368e-01  1.224e+00  1.128e-03  2.838e-03 
189    47.796303001421 -4.238e-03  2.152e-01  6.902e-01  5.050e-04* 1.163e-03*
190    47.796114385716 -1.886e-04  2.900e-01  8.636e-01  1.437e-04* 3.610e-04*
191    47.793009642562 -3.105e-03  2.739e-01  6.635e-01  5.788e-04* 1.852e-03*
192    47.787923002672 -5.087e-03  4.928e-01  1.108e+00  1.631e-03  5.584e-03 
193    47.782479597369 -5.443e-03  2.316e-01  4.576e-01  6.319e-04* 1.706e-03*
194    47.782367913822 -1.117e-04  2.892e-01  5.996e-01  1.140e-04* 3.126e-04*
195    47.779543403234 -2.825e-03  2.044e-01  5.976e-01  5.359e-04* 1.212e-03*
196    47.778807142606 -7.363e-04  3.458e-01  9.090e-01  4.883e-04* 1.117e-03*
197    47.775722719928 -3.084e-03  2.087e-01  6.327e-01  4.720e-04* 1.278e-03*
198    47.775412052721 -3.107e-04  2.962e-01  8.269e-01  2.218e-04* 5.348e-04*
199    47.773380322359 -2.032e-03  1.490e-01  2.165e-01  3.557e-04* 8.467e-04*
200    47.773317125937 -6.320e-05  1.959e-01  3.373e-01  8.244e-05* 2.174e-04*
201    47.771754425873 -1.563e-03  2.112e-01  6.643e-01  4.270e-04* 1.131e-03*
202    47.768702949036 -3.051e-03  3.078e-01  1.055e+00  1.147e-03  3.231e-03 
203    47.765605231325 -3.098e-03  2.297e-01  5.486e-01  7.505e-04* 2.180e-03 
204    47.764255347328 -1.350e-03  4.233e-01  9.891e-01  9.585e-04* 2.838e-03 
205    47.760684895635 -3.570e-03  1.412e-01  2.575e-01  5.242e-04* 1.261e-03*
206    47.760679505964 -5.390e-06  1.549e-01  2.922e-01  2.217e-05* 5.448e-05*
207    47.759392633483 -1.287e-03  1.447e-01  4.558e-01  4.525e-04* 1.110e-03*
208    47.758105218589 -1.287e-03  2.092e-01  5.849e-01  8.612e-04* 2.154e-03 
209    47.756487832399 -1.617e-03  1.826e-01  6.152e-01  5.120e-04* 1.357e-03*
210    47.755322198560 -1.166e-03  1.922e-01  4.557e-01  6.628e-04* 1.942e-03*
211    47.754179582618 -1.143e-03  1.800e-01  2.454e-01  3.938e-04* 1.135e-03*
212    47.753071626536 -1.108e-03  1.269e-01  3.317e-01  4.996e-04* 1.383e-03*
213    47.752709590623 -3.620e-04  1.327e-01  5.756e-01  2.575e-04* 7.054e-04*
214    47.751865025761 -8.446e-04  1.274e-01  3.404e-01  4.507e-04* 1.210e-03*
215    47.751236246702 -6.288e-04  1.292e-01  2.415e-01  4.331e-04* 1.151e-03*
216    47.750483354324 -7.529e-04  1.389e-01  3.436e-01  5.177e-04* 1.252e-03*
217    47.749763863136 -7.195e-04  1.074e-01  2.400e-01  4.780e-04* 1.126e-03*
218    47.749447524752 -3.163e-04  1.344e-01  3.237e-01  4.316e-04* 1.144e-03*
219    47.748855251696 -5.923e-04  1.040e-01  2.563e-01  3.263e-04* 9.186e-04*
220    47.748616823741 -2.384e-04  1.095e-01  2.441e-01  2.828e-04* 8.238e-04*
221    47.748367503638 -2.493e-04  6.448e-02  1.653e-01  1.359e-04* 3.517e-04*
222    47.748320052245 -4.745e-05  8.196e-02  1.714e-01  7.997e-05* 2.181e-04*
223    47.748176098112 -1.440e-04  3.479e-02  8.796e-02  8.594e-05* 1.994e-04*
224    47.748173126459 -2.972e-06  4.175e-02  1.230e-01  1.497e-05* 3.788e-05*
225    47.748118458812 -5.467e-05  3.263e-02  1.064e-01  6.270e-05* 1.529e-04*
226    47.748075411674 -4.305e-05  6.372e-02  1.730e-01  1.133e-04* 2.983e-04*
227    47.747973040835 -1.024e-04  3.124e-02  9.167e-02  7.566e-05* 1.880e-04*
228    47.747970371071 -2.670e-06  3.946e-02  1.116e-01  1.574e-05* 3.808e-05*
229    47.747924633797 -4.574e-05  3.269e-02  6.477e-02  5.795e-05* 1.503e-04*
230    47.747869575603 -5.506e-05  7.182e-02  2.031e-01  1.480e-04* 4.274e-04*
231    47.747772391487 -9.718e-05  2.388e-02  8.148e-02  6.314e-05* 1.529e-04*
232    47.747772120738 -2.707e-07* 2.729e-02  9.706e-02  4.220e-06* 1.013e-05*
233    47.747716285031 -5.584e-05  4.122e-02  7.840e-02  1.108e-04* 3.075e-04*
234    47.747653440288 -6.284e-05  3.531e-02  7.384e-02  8.353e-05* 2.067e-04*
235    47.747597471953 -5.597e-05  5.816e-02  1.646e-01  1.591e-04* 4.116e-04*
236    47.747507857932 -8.961e-05  3.489e-02  9.555e-02  8.566e-05* 2.143e-04*
237    47.747497918180 -9.940e-06  4.539e-02  1.224e-01  3.950e-05* 1.077e-04*
238    47.747454857336 -4.306e-05  2.531e-02  5.557e-02  4.827e-05* 1.179e-04*
239    47.747450536179 -4.321e-06  3.484e-02  7.190e-02  2.131e-05* 5.603e-05*
240    47.747419050122 -3.149e-05  1.994e-02  4.313e-02  4.503e-05* 1.019e-04*
241    47.747416754123 -2.296e-06  2.947e-02  7.408e-02  1.793e-05* 4.585e-05*
242    47.747381603111 -3.515e-05  2.661e-02  9.149e-02  6.295e-05* 1.617e-04*
243    47.747338138670 -4.346e-05  5.183e-02  1.297e-01  1.652e-04* 4.521e-04*
244    47.747269127387 -6.901e-05  2.524e-02  7.480e-02  7.143e-05* 1.601e-04*
245    47.747266998927 -2.128e-06  3.108e-02  9.096e-02  1.598e-05* 3.881e-05*
246    47.747246141785 -2.086e-05  1.900e-02  4.408e-02  3.501e-05* 8.525e-05*
247    47.747242772146 -3.370e-06  2.811e-02  7.036e-02  2.102e-05* 5.628e-05*
248    47.747221738748 -2.103e-05  1.597e-02  3.353e-02  3.691e-05* 8.506e-05*
249    47.747220278798 -1.460e-06  2.394e-02  6.155e-02  1.463e-05* 3.733e-05*
250    47.747197801093 -2.248e-05  2.150e-02  8.907e-02  5.151e-05* 1.296e-04*
251    47.747170889564 -2.691e-05  4.205e-02  1.077e-01  1.334e-04* 3.627e-04*
252    47.747128564102 -4.233e-05  2.139e-02  7.396e-02  5.496e-05* 1.274e-04*
253    47.747127144661 -1.419e-06  2.614e-02  8.185e-02  1.264e-05* 3.143e-05*
254    47.747113421368 -1.372e-05  1.329e-02  2.427e-02  2.631e-05* 6.105e-05*
255    47.747112826953 -5.944e-07* 1.733e-02  3.750e-02  7.146e-06* 1.851e-05*
256    47.747102095400 -1.073e-05  1.361e-02  3.272e-02  3.032e-05* 7.297e-05*
257    47.747094699246 -7.396e-06  2.971e-02  8.761e-02  5.714e-05* 1.527e-04*
258    47.747074433768 -2.027e-05  1.339e-02  5.265e-02  3.291e-05* 7.238e-05*
259    47.747074155970 -2.778e-07* 1.597e-02  6.088e-02  4.602e-06* 1.100e-05*
260    47.747067730937 -6.425e-06  1.148e-02  2.609e-02  1.951e-05* 4.574e-05*
261    47.747064604559 -3.126e-06  2.265e-02  6.342e-02  2.650e-05* 7.157e-05*
262    47.747053314966 -1.129e-05  9.858e-03  2.980e-02  2.386e-05* 5.259e-05*
263    47.747053231533 -8.343e-08* 1.187e-02  3.936e-02  2.484e-06* 5.949e-06*
264    47.747044041330 -9.190e-06  1.812e-02  6.968e-02  4.156e-05* 1.094e-04*
265    47.747032086752 -1.195e-05  1.490e-02  4.752e-02  4.017e-05* 1.042e-04*
266    47.747020985964 -1.110e-05  3.814e-02  1.309e-01  1.061e-04* 2.960e-04*
267    47.746997155476 -2.383e-05  9.383e-03  2.520e-02  3.248e-05* 7.706e-05*
268    47.746997150292 -5.185e-09* 9.674e-03  2.608e-02  3.596e-07* 8.209e-07*
269    47.746994354526 -2.796e-06  6.840e-03  1.769e-02  1.191e-05* 2.610e-05*
270    47.746993155180 -1.199e-06  1.412e-02  3.795e-02  1.649e-05* 4.413e-05*
271    47.746988179433 -4.976e-06  8.624e-03  2.890e-02  1.625e-05* 3.685e-05*
272    47.746987710522 -4.689e-07* 1.247e-02  3.474e-02  7.585e-06* 1.946e-05*
273    47.746983974674 -3.736e-06  8.118e-03  1.594e-02  1.463e-05* 3.426e-05*
274    47.746983214776 -7.599e-07* 1.408e-02  3.764e-02  1.144e-05* 3.011e-05*
275    47.746978210400 -5.004e-06  7.531e-03  1.929e-02  1.798e-05* 4.382e-05*
276    47.746978049513 -1.609e-07* 1.066e-02  3.092e-02  4.626e-06* 1.219e-05*
277    47.746972327828 -5.722e-06  1.199e-02  3.396e-02  3.161e-05* 8.355e-05*
278    47.746953905397 -1.842e-05  2.361e-02  6.380e-02  1.430e-04* 3.973e-04*
279    47.746941412030 -1.249e-05  9.604e-03  3.245e-02  3.977e-05* 1.046e-04*
280    47.746941362053 -4.998e-08* 1.105e-02  3.764e-02  2.962e-06* 7.937e-06*
281    47.746937997160 -3.365e-06  6.742e-03  1.301e-02  2.021e-05* 5.147e-05*
282    47.746937606050 -3.911e-07* 1.089e-02  2.701e-02  1.094e-05* 2.959e-05*
283    47.746933877654 -3.728e-06  6.435e-03  1.317e-02  2.170e-05* 5.667e-05*
284    47.746933654822 -2.228e-07* 9.669e-03  2.242e-02  8.072e-06* 2.174e-05*
285    47.746930791383 -2.863e-06  7.168e-03  2.018e-02  1.977e-05* 5.152e-05*
286    47.746929826529 -9.649e-07* 1.259e-02  4.098e-02  2.147e-05* 5.807e-05*
287    47.746926814319 -3.012e-06  5.163e-03  1.797e-02  1.421e-05* 3.454e-05*
288    47.746926789017 -2.530e-08* 6.139e-03  2.176e-02  1.542e-06* 3.927e-06*
289    47.746925239659 -1.549e-06  4.473e-03  7.582e-03  1.441e-05* 3.838e-05*
290    47.746924657670 -5.820e-07* 9.129e-03  1.575e-02  1.822e-05* 5.218e-05*
291    47.746922520567 -2.137e-06  5.088e-03  8.979e-03  1.243e-05* 2.878e-05*
292    47.746922363663 -1.569e-07* 6.807e-03  1.838e-02  4.677e-06* 1.126e-05*
293    47.746921384227 -9.794e-07* 3.670e-03  1.058e-02  7.571e-06* 1.630e-05*
294    47.746921317075 -6.715e-08* 5.071e-03  1.734e-02  2.762e-06* 6.667e-06*
295    47.746920550006 -7.671e-07* 3.528e-03  8.589e-03  7.879e-06* 2.011e-05*
296    47.746920338250 -2.118e-07* 6.606e-03  1.927e-02  7.860e-06* 2.197e-05*
297    47.746919281896 -1.056e-06  3.311e-03  7.626e-03  8.055e-06* 1.903e-05*
298    47.746919247904 -3.399e-08* 4.417e-03  1.108e-02  1.907e-06* 4.835e-06*
299    47.746918631534 -6.164e-07* 3.684e-03  9.206e-03  7.814e-06* 1.931e-05*
300    47.746917769742 -8.618e-07* 9.752e-03  3.564e-02  2.531e-05* 6.976e-05*
